

Reaction test
type	A+B+C
number	1000

max value	65536
unit	us

test	A	B	C
0	402	371	438
1	8	1008	23
2	985	961	1020
3	17	1029	31
4	302	278	333
5	571	546	606
6	768	729	782
7	1000	975	1031
8	280	255	310
9	563	539	594
10	630	606	665
11	637	612	668
12	785	766	819
13	540	515	571
14	253	209	267
15	926	901	956
16	293	268	323
17	282	258	313
18	920	877	934
19	989	965	1020
20	405	381	436
21	629	604	660
22	509	484	540
23	795	770	826
24	197	168	224
25	402	377	432
26	767	748	800
27	704	680	735
28	818	793	849
29	966	942	1000
30	231	207	264
31	655	630	690
32	150	126	181
33	1026	1002	12
34	1031	1012	13
35	553	528	584
36	158	133	188
37	846	822	877
38	408	384	442
39	863	839	894
40	129	104	161
41	710	686	742
42	27	1037	41
43	321	296	352
44	341	317	372
45	403	379	435
46	637	612	668
47	653	614	667
48	417	392	448
49	546	522	577
50	370	345	401
51	287	262	318
52	411	386	442
53	628	603	659
54	953	929	985
55	987	962	1017
56	893	874	926
57	819	781	833
58	666	642	697
59	675	650	706
60	739	714	769
61	961	937	992
62	813	794	846
63	814	789	844
64	230	191	244
65	751	726	782
66	636	611	666
67	568	543	599
68	701	677	732
69	400	375	430
70	350	311	364
71	54	30	85
72	784	759	815
73	496	472	527
74	102	78	133
75	170	128	184
76	67	42	101
77	864	849	898
78	824	799	854
79	845	820	876
80	609	584	639
81	547	522	577
82	727	702	758
83	478	453	509
84	367	342	397
85	320	295	352
86	64	24	77
87	829	787	842
88	442	417	474
89	592	567	623
90	862	838	894
91	391	376	426
92	390	364	421
93	971	946	1002
94	548	523	579
95	271	246	303
96	164	139	195
97	488	463	519
98	263	238	294
99	1023	999	1058
100	790	765	825
101	438	413	473
102	9	1019	23
103	345	320	376
104	605	580	636
105	12	1022	26
106	48	23	78
107	344	319	374
108	809	784	840
109	58	34	89
110	876	852	907
111	666	641	696
112	806	781	837
113	336	311	367
114	71	47	102
115	25	1023	39
116	286	261	317
117	724	699	755
118	772	748	803
119	382	357	414
120	406	382	437
121	407	383	438
122	625	600	656
123	550	525	581
124	200	176	231
125	12	1023	27
126	588	563	619
127	553	528	584
128	392	372	425
129	491	472	524
130	179	155	210
131	137	112	168
132	1008	983	1038
133	365	341	396
134	60	42	94
135	436	411	467
136	199	174	229
137	751	727	782
138	296	272	328
139	78	53	108
140	681	655	712
141	369	343	400
142	233	208	264
143	537	513	571
144	588	543	601
145	885	860	916
146	834	809	870
147	565	540	600
148	375	351	407
149	333	303	359
150	840	800	854
151	355	316	369
152	581	542	595
153	211	186	242
154	409	383	441
155	211	186	243
156	1035	996	1049
157	897	873	929
158	280	247	306
159	730	706	762
160	160	135	191
161	164	140	199
162	576	551	612
163	1030	1011	12
164	677	652	709
165	977	952	1008
166	939	914	971
167	444	420	475
168	159	134	190
169	627	602	660
170	116	90	147
171	119	94	150
172	702	662	715
173	930	890	943
174	781	756	812
175	891	875	912
176	364	320	378
177	809	784	841
178	45	20	76
179	302	277	333
180	922	897	954
181	368	353	403
182	268	240	302
183	773	734	787
184	876	836	889
185	349	324	380
186	531	506	562
187	648	623	679
188	95	70	126
189	633	595	647
190	803	788	826
191	449	435	474
192	718	693	749
193	904	879	935
194	639	614	670
195	755	730	786
196	946	921	977
197	381	356	413
198	985	961	1016
199	585	560	616
200	825	801	856
201	334	309	365
202	340	315	371
203	993	968	1025
204	313	298	347
205	1032	1013	15
206	632	592	645
207	519	495	551
208	963	938	995
209	875	836	889
210	207	168	220
211	393	368	428
212	797	758	811
213	938	913	972
214	426	387	440
215	463	424	476
216	635	610	670
217	105	66	118
218	194	150	208
219	248	223	279
220	880	855	911
221	775	749	806
222	285	260	316
223	734	709	765
224	871	846	910
225	371	346	401
226	715	691	746
227	551	526	582
228	24	1033	38
229	753	728	785
230	533	509	564
231	661	642	695
232	803	778	833
233	319	295	350
234	1014	990	1045
235	896	872	927
236	409	384	441
237	614	590	645
238	507	482	538
239	895	871	926
240	130	106	161
241	1027	1003	13
242	577	553	611
243	931	906	962
244	898	873	930
245	584	559	616
246	456	442	491
247	191	166	222
248	133	108	164
249	820	801	854
250	1007	982	1038
251	961	936	992
252	674	649	705
253	519	495	557
254	636	612	666
255	250	225	282
256	92	67	123
257	256	237	289
258	272	248	303
259	1002	977	1033
260	510	485	542
261	638	613	670
262	20	1047	35
263	54	29	86
264	1010	985	1042
265	626	601	656
266	986	947	1000
267	552	527	584
268	501	476	532
269	549	524	581
270	871	846	908
271	597	582	633
272	477	438	491
273	28	1039	43
274	125	100	156
275	485	471	520
276	204	185	238
277	670	645	701
278	789	764	820
279	982	943	996
280	653	628	683
281	914	889	947
282	549	525	582
283	455	430	489
284	36	11	67
285	169	145	200
286	436	411	471
287	624	599	655
288	406	381	436
289	874	850	907
290	451	427	482
291	760	720	773
292	377	352	408
293	443	418	474
294	726	702	758
295	294	270	326
296	906	867	920
297	263	244	297
298	521	482	535
299	854	815	867
300	595	570	626
301	516	491	547
302	231	207	262
303	210	185	241
304	508	484	539
305	873	849	904
306	465	441	497
307	127	102	157
308	265	246	298
309	442	417	473
310	460	435	495
311	38	13	71
312	910	886	941
313	784	766	818
314	534	509	569
315	718	699	753
316	303	279	335
317	37	12	68
318	662	637	693
319	920	896	950
320	46	21	78
321	266	241	297
322	232	208	263
323	275	250	307
324	781	756	814
325	152	127	184
326	543	518	574
327	853	828	885
328	766	741	798
329	783	758	815
330	253	228	285
331	1002	977	1033
332	376	352	407
333	596	571	627
334	303	264	317
335	820	795	852
336	557	532	589
337	355	330	386
338	138	113	169
339	270	231	284
340	952	928	983
341	573	558	609
342	530	506	562
343	1016	991	1047
344	312	293	347
345	441	402	455
346	834	809	865
347	871	845	902
348	739	714	771
349	159	134	191
350	371	346	403
351	127	84	141
352	270	245	304
353	711	686	742
354	733	708	768
355	751	736	786
356	228	203	259
357	594	569	626
358	784	744	797
359	172	147	204
360	695	670	726
361	525	485	539
362	616	582	642
363	687	662	718
364	696	671	727
365	798	773	830
366	873	848	904
367	771	746	810
368	21	1032	36
369	169	154	204
370	623	598	653
371	179	154	210
372	448	424	482
373	26	1036	41
374	273	248	305
375	303	278	335
376	594	575	629
377	960	919	969
378	257	232	289
379	379	354	414
380	974	949	1005
381	237	222	273
382	292	267	323
383	117	92	148
384	523	499	554
385	604	580	637
386	489	464	520
387	976	951	1008
388	958	933	993
389	422	397	453
390	497	472	527
391	314	289	346
392	484	460	515
393	609	567	623
394	99	74	130
395	198	179	232
396	261	236	289
397	960	935	991
398	373	348	404
399	809	785	840
400	120	95	152
401	176	161	211
402	204	179	236
403	972	958	1007
404	377	363	412
405	961	936	992
406	489	464	520
407	942	917	972
408	770	745	801
409	22	1033	37
410	865	840	890
411	670	645	702
412	278	253	309
413	731	706	762
414	678	651	715
415	13	1023	28
416	345	311	371
417	196	171	231
418	873	834	887
419	856	832	891
420	882	867	917
421	303	278	334
422	368	344	400
423	108	84	144
424	270	245	302
425	102	87	137
426	187	162	219
427	971	946	1003
428	291	266	321
429	576	552	608
430	923	898	955
431	404	352	421
432	527	502	558
433	961	936	992
434	184	159	215
435	933	908	964
436	611	586	643
437	489	464	519
438	56	32	87
439	72	57	106
440	456	431	487
441	395	370	426
442	879	854	910
443	635	610	666
444	705	680	737
445	297	272	328
446	462	423	476
447	107	83	138
448	579	540	593
449	974	949	1005
450	105	81	137
451	82	57	113
452	338	319	372
453	313	288	343
454	797	772	829
455	535	510	566
456	92	67	123
457	121	96	152
458	95	70	126
459	438	413	468
460	749	724	781
461	207	168	221
462	24	1034	39
463	379	355	411
464	224	205	258
465	1017	992	1047
466	189	170	222
467	781	756	812
468	644	619	675
469	938	913	973
470	246	226	269
471	277	252	307
472	866	841	904
473	930	905	961
474	978	953	1008
475	46	21	76
476	233	208	264
477	652	628	691
478	448	423	478
479	480	462	514
480	343	318	393
481	593	569	627
482	682	663	722
483	535	510	574
484	495	456	508
485	530	492	557
486	212	173	226
487	285	266	318
488	807	783	841
489	295	271	328
490	260	236	291
491	1028	1009	8
492	229	205	263
493	433	394	447
494	246	221	276
495	584	569	621
496	68	43	99
497	445	421	476
498	583	558	622
499	964	939	1003
500	490	465	520
501	425	399	455
502	176	151	217
503	789	764	820
504	460	435	491
505	809	784	840
506	773	748	804
507	26	1034	40
508	95	70	126
509	766	736	792
510	517	497	552
511	732	717	756
512	102	77	139
513	966	941	997
514	887	858	913
515	240	215	270
516	443	418	473
517	402	376	432
518	205	168	219
519	998	972	1029
520	358	333	388
521	928	912	962
522	999	984	1034
523	233	208	264
524	1003	977	1034
525	557	532	588
526	973	948	1003
527	40	15	72
528	194	169	227
529	225	200	255
530	552	528	583
531	170	145	222
532	843	818	874
533	585	561	616
534	641	616	672
535	813	788	845
536	340	315	371
537	168	143	199
538	762	718	776
539	925	900	955
540	648	623	679
541	531	506	562
542	56	13	71
543	969	925	983
544	955	930	986
545	887	862	917
546	484	459	515
547	305	272	339
548	821	788	854
549	244	219	275
550	836	804	870
551	655	630	685
552	1015	990	1047
553	434	410	466
554	602	577	633
555	405	362	419
556	87	62	118
557	775	750	808
558	607	582	638
559	590	565	620
560	90	51	103
561	898	860	912
562	515	480	548
563	261	229	295
564	132	107	163
565	603	578	634
566	955	931	986
567	343	318	374
568	31	6	61
569	716	692	747
570	874	849	904
571	593	561	626
572	496	463	530
573	990	971	1023
574	36	11	67
575	455	417	469
576	717	693	748
577	535	491	549
578	748	723	779
579	429	404	459
580	1008	969	1021
581	988	964	1019
582	841	817	872
583	559	534	590
584	357	333	388
585	211	187	242
586	780	756	811
587	675	650	706
588	214	189	244
589	405	380	435
590	318	293	349
591	381	356	413
592	499	460	513
593	51	26	85
594	356	336	387
595	304	284	337
596	795	770	827
597	796	772	827
598	736	711	767
599	407	369	421
600	840	816	871
601	699	674	730
602	200	176	231
603	904	879	935
604	90	65	120
605	147	122	177
606	247	223	282
607	403	378	434
608	727	702	758
609	966	942	997
610	766	741	796
611	600	575	631
612	179	155	211
613	854	829	886
614	187	172	222
615	926	886	939
616	808	784	842
617	305	280	337
618	954	930	985
619	607	582	638
620	893	869	924
621	237	212	267
622	414	390	447
623	700	662	714
624	77	52	110
625	765	741	796
626	230	205	266
627	782	758	816
628	636	597	650
629	849	825	880
630	837	813	869
631	508	470	522
632	934	909	968
633	73	54	106
634	930	905	961
635	258	233	289
636	918	893	950
637	339	314	370
638	716	692	747
639	325	300	355
640	360	341	394
641	196	171	227
642	17	1028	32
643	654	629	685
644	639	625	664
645	152	127	184
646	258	233	289
647	86	72	121
648	477	452	508
649	530	505	561
650	589	565	621
651	393	368	424
652	107	82	138
653	625	600	656
654	666	626	679
655	148	123	180
656	910	885	942
657	873	848	905
658	794	779	829
659	665	625	679
660	327	303	360
661	875	859	898
662	823	784	837
663	542	517	573
664	830	806	861
665	414	389	446
666	381	356	412
667	523	498	554
668	238	213	270
669	857	832	888
670	256	231	287
671	782	768	816
672	145	120	177
673	130	105	163
674	232	208	264
675	472	446	503
676	936	911	971
677	416	386	442
678	582	557	614
679	36	11	68
680	489	464	520
681	618	593	650
682	842	817	874
683	821	796	853
684	433	408	465
685	315	290	346
686	163	138	203
687	1018	993	1049
688	361	336	392
689	986	961	1018
690	682	653	709
691	244	219	275
692	46	6	60
693	893	868	925
694	436	412	468
695	152	113	166
696	250	225	282
697	534	510	569
698	553	514	566
699	17	1029	31
700	343	318	375
701	360	321	374
702	274	235	288
703	370	346	402
704	789	764	821
705	286	261	318
706	746	721	777
707	959	919	973
708	547	522	579
709	626	601	657
710	667	642	699
711	604	564	618
712	798	773	829
713	704	652	720
714	281	256	313
715	1000	961	1014
716	673	648	703
717	1020	995	1051
718	544	519	575
719	129	104	160
720	921	896	952
721	53	28	84
722	508	483	539
723	554	530	585
724	375	350	406
725	752	727	782
726	972	948	1003
727	876	852	909
728	394	369	425
729	219	195	250
730	606	582	637
731	589	565	611
732	776	752	807
733	168	143	199
734	19	1029	33
735	506	481	537
736	380	341	393
737	505	480	536
738	778	753	809
739	302	273	338
740	281	256	312
741	404	380	435
742	359	334	390
743	994	969	1025
744	834	809	866
745	165	146	199
746	803	784	837
747	577	538	590
748	123	99	154
749	747	723	778
750	833	808	864
751	523	498	554
752	366	340	397
753	798	773	829
754	279	254	310
755	47	22	78
756	885	861	916
757	752	727	783
758	760	736	791
759	163	139	197
760	695	656	708
761	328	303	362
762	858	834	892
763	617	592	648
764	663	625	677
765	539	515	570
766	918	893	949
767	438	400	452
768	581	553	618
769	79	54	109
770	969	944	1001
771	642	617	673
772	382	357	414
773	357	318	371
774	456	432	487
775	357	332	387
776	431	406	461
777	736	711	767
778	428	403	458
779	692	667	723
780	779	754	810
781	591	567	622
782	87	68	120
783	831	793	845
784	700	675	730
785	189	164	220
786	838	799	852
787	600	575	631
788	796	771	827
789	709	670	722
790	330	305	360
791	526	502	557
792	453	411	467
793	525	500	556
794	563	525	577
795	1005	981	1036
796	838	813	869
797	654	630	686
798	530	505	561
799	762	737	793
800	551	526	582
801	590	551	603
802	435	410	465
803	567	543	598
804	309	264	323
805	582	558	613
806	285	260	316
807	264	239	295
808	325	301	356
809	533	509	564
810	418	393	448
811	794	770	825
812	348	323	378
813	213	188	244
814	210	185	241
815	328	303	359
816	366	342	397
817	952	928	983
818	525	501	556
819	91	66	123
820	162	123	176
821	38	13	73
822	648	624	679
823	310	291	344
824	341	302	354
825	340	302	353
826	839	815	870
827	23	1028	38
828	527	477	536
829	18	1032	32
830	137	113	171
831	621	596	651
832	292	268	323
833	912	888	946
834	198	179	232
835	579	555	613
836	838	813	868
837	131	106	162
838	279	254	310
839	450	431	483
840	909	889	944
841	730	715	753
842	141	116	173
843	952	927	983
844	662	638	693
845	360	335	392
846	42	18	73
847	693	669	724
848	687	662	718
849	933	908	964
850	169	144	201
851	overflow
