

Reaction test
type	A+B+C
number	1000

max value	65536
unit	us

test	A	B	C
0	247	267	285
1	68	92	106
2	317	331	348
3	901	915	927
4	25	39	55
5	242	263	277
6	925	946	960
7	776	790	807
8	1019	1039	16
9	670	689	705
10	965	979	996
11	454	479	496
12	816	831	847
13	439	454	471
14	165	179	197
15	580	594	611
16	88	102	118
17	836	850	866
18	70	84	100
19	127	141	158
20	309	323	340
21	731	745	761
22	275	289	306
23	661	680	696
24	661	675	691
25	707	721	738
26	923	937	953
27	356	370	387
28	618	633	650
29	594	608	625
30	115	128	145
31	365	379	396
32	83	109	127
33	958	973	990
34	861	875	892
35	838	853	869
36	383	402	418
37	50	64	81
38	641	655	671
39	332	351	367
40	600	614	631
41	172	186	203
42	26	40	57
43	496	510	527
44	222	236	249
45	479	493	511
46	346	361	378
47	855	869	886
48	669	683	700
49	525	540	557
50	255	270	287
51	328	342	360
52	820	838	856
53	60	80	96
54	679	694	711
55	180	194	211
56	331	345	363
57	98	112	130
58	323	337	354
59	83	97	115
60	528	542	560
61	39	52	65
62	217	231	249
63	303	317	334
64	653	667	685
65	717	731	749
66	1004	1018	1035
67	93	107	124
68	105	119	135
69	893	908	925
70	495	509	527
71	622	641	658
72	713	727	744
73	750	769	786
74	754	768	785
75	321	335	353
76	978	992	1009
77	847	861	878
78	926	940	957
79	729	748	765
80	799	818	836
81	927	941	959
82	449	463	480
83	96	110	128
84	768	785	801
85	984	998	1016
86	909	924	942
87	316	330	348
88	886	900	917
89	478	493	511
90	380	394	411
91	1004	1018	1035
92	339	353	371
93	124	138	155
94	813	827	843
95	51	65	83
96	963	977	994
97	856	870	887
98	212	226	243
99	1017	1031	14
100	314	328	346
101	868	882	900
102	359	373	391
103	511	525	543
104	370	384	402
105	115	129	147
106	944	959	976
107	793	807	824
108	745	759	778
109	873	892	910
110	655	671	688
111	181	195	213
112	782	796	813
113	404	418	435
114	525	539	555
115	478	492	509
116	472	487	505
117	69	83	100
118	187	206	223
119	956	970	988
120	630	644	661
121	71	86	99
122	642	656	674
123	184	198	215
124	939	954	968
125	232	244	257
126	173	188	205
127	1030	13	28
128	689	703	721
129	197	211	228
130	347	362	379
131	732	746	764
132	809	823	840
133	242	260	278
134	773	788	805
135	57	71	89
136	452	471	488
137	158	172	190
138	739	753	771
139	624	638	655
140	647	661	679
141	38	52	70
142	132	146	162
143	609	621	635
144	939	953	971
145	654	668	685
146	105	119	137
147	263	277	294
148	124	138	155
149	52	66	83
150	742	756	773
151	557	576	594
152	369	388	405
153	93	107	124
154	880	895	912
155	406	420	437
156	735	749	767
157	717	731	749
158	51	66	83
159	852	866	884
160	52	66	84
161	841	855	872
162	861	873	887
163	228	244	259
164	92	107	125
165	851	865	882
166	538	552	569
167	93	107	124
168	585	601	614
169	299	314	331
170	761	775	792
171	656	671	688
172	663	677	694
173	404	419	436
174	972	986	1004
175	171	185	202
176	733	748	766
177	338	353	370
178	776	791	804
179	799	813	830
180	494	508	526
181	77	91	109
182	223	237	255
183	949	963	985
184	653	666	681
185	940	956	971
186	990	1005	1023
187	972	986	1004
188	42	56	74
189	535	549	567
190	158	172	189
191	519	533	550
192	164	184	200
193	465	479	496
194	62	76	93
195	266	281	299
196	875	889	906
197	742	757	774
198	63	78	95
199	837	860	878
200	329	343	361
201	105	120	137
202	971	986	1004
203	952	968	983
204	790	810	829
205	384	398	416
206	350	365	382
207	168	182	199
208	301	315	332
209	199	213	231
210	533	547	564
211	1037	21	35
212	774	788	806
213	262	276	294
214	627	641	658
215	727	741	758
216	580	594	612
217	59	74	91
218	952	971	988
219	478	493	511
220	985	1002	1015
221	388	403	420
222	214	229	246
223	653	667	689
224	776	790	807
225	183	197	214
226	814	828	845
227	336	350	368
228	158	172	190
229	488	502	519
230	314	329	346
231	418	431	448
232	392	406	423
233	1020	1034	8
234	821	835	852
235	231	245	263
236	366	382	396
237	633	648	666
238	223	237	254
239	797	811	828
240	117	132	149
241	142	156	174
242	313	332	350
243	237	251	268
244	755	774	791
245	94	108	125
246	991	1005	1021
247	168	183	201
248	76	90	106
249	134	148	166
250	155	169	187
251	438	457	474
252	513	527	545
253	655	670	688
254	476	490	508
255	436	450	467
256	546	560	574
257	290	305	324
258	341	355	373
259	899	914	932
260	261	274	291
261	218	232	249
262	885	899	916
263	145	159	176
264	48	62	79
265	826	840	857
266	418	432	449
267	952	967	984
268	940	955	972
269	611	625	642
270	980	994	1011
271	79	92	109
272	199	213	230
273	631	645	662
274	774	788	805
275	69	84	103
276	311	325	342
277	552	568	581
278	1000	1015	1033
279	420	434	452
280	208	222	240
281	530	544	562
282	659	673	690
283	43	61	79
284	377	392	409
285	386	401	418
286	81	95	112
287	537	551	569
288	318	336	354
289	886	900	917
290	342	357	374
291	356	372	398
292	812	826	844
293	697	711	728
294	662	677	694
295	584	599	616
296	961	976	1003
297	430	444	456
298	786	802	816
299	593	613	630
300	120	139	156
301	560	574	591
302	805	819	836
303	819	833	851
304	774	788	805
305	21	35	51
306	955	969	987
307	673	692	710
308	306	320	338
309	720	734	752
310	652	666	683
311	84	99	116
312	443	457	474
313	727	741	759
314	964	978	995
315	468	487	504
316	628	642	659
317	549	566	578
318	89	105	124
319	365	379	397
320	921	935	952
321	733	747	764
322	567	581	599
323	353	372	389
324	426	440	457
325	56	70	87
326	427	441	458
327	674	688	705
328	586	605	622
329	63	77	95
330	76	90	108
331	892	906	924
332	612	631	648
333	760	774	791
334	622	636	653
335	214	228	245
336	972	986	1003
337	947	959	974
338	347	361	379
339	846	860	878
340	152	166	187
341	287	301	318
342	657	671	689
343	165	179	196
344	751	765	782
345	896	910	927
346	623	637	654
347	908	922	939
348	512	526	543
349	182	196	213
350	785	800	817
351	904	919	936
352	715	729	747
353	862	876	894
354	447	462	479
355	553	567	585
356	329	345	359
357	425	440	459
358	100	114	132
359	652	666	683
360	318	332	349
361	112	126	143
362	755	769	787
363	323	337	355
364	220	234	252
365	660	674	691
366	869	884	901
367	178	193	210
368	460	475	492
369	605	619	636
370	538	552	570
371	674	688	706
372	527	541	558
373	140	155	173
374	727	741	758
375	654	668	691
376	434	448	466
377	635	650	670
378	284	298	316
379	676	691	708
380	272	286	303
381	752	767	784
382	990	1004	1021
383	904	918	936
384	1016	1029	8
385	220	234	252
386	361	381	407
387	995	1009	1027
388	271	285	303
389	463	482	505
390	304	323	340
391	12	31	49
392	257	271	289
393	845	860	877
394	669	684	701
395	882	896	913
396	839	852	864
397	76	91	106
398	1022	1035	15
399	434	448	465
400	946	960	977
401	574	588	606
402	607	621	638
403	446	460	477
404	312	326	343
405	298	312	329
406	555	569	587
407	260	274	292
408	609	624	641
409	874	889	906
410	417	431	448
411	31	45	61
412	303	317	334
413	934	948	966
414	73	87	105
415	341	355	372
416	375	389	407
417	806	820	837
418	840	855	870
419	986	1001	1019
420	415	429	446
421	288	302	320
422	155	168	194
423	736	750	767
424	371	385	402
425	706	720	737
426	119	134	152
427	105	119	138
428	901	915	933
429	1022	1035	14
430	413	427	445
431	113	127	144
432	985	999	1017
433	254	269	286
434	259	273	291
435	295	310	327
436	781	795	813
437	402	416	429
438	1020	12	27
439	800	813	827
440	588	603	621
441	473	487	504
442	669	684	701
443	708	722	739
444	343	357	375
445	364	378	396
446	252	266	284
447	974	988	1005
448	663	682	698
449	744	763	780
450	810	824	842
451	755	770	787
452	909	923	941
453	215	229	246
454	216	231	249
455	800	815	832
456	916	930	948
457	215	229	246
458	743	758	776
459	776	788	801
460	985	999	1016
461	244	258	276
462	934	948	965
463	319	333	351
464	986	1000	1017
465	204	218	236
466	444	459	476
467	768	782	799
468	672	686	704
469	545	559	576
470	681	695	712
471	407	423	440
472	472	487	504
473	414	428	445
474	965	980	997
475	623	637	653
476	31	45	62
477	718	730	744
478	894	910	922
479	1049	19	34
480	258	272	290
481	115	130	147
482	515	529	546
483	696	710	727
484	768	782	800
485	1026	9	23
486	637	652	669
487	553	567	585
488	496	511	528
489	296	310	328
490	418	432	450
491	140	154	171
492	797	811	829
493	119	133	150
494	629	643	661
495	58	72	89
496	544	558	575
497	727	742	757
498	90	105	123
499	413	428	444
500	1018	1031	10
501	915	929	947
502	386	400	417
503	264	278	295
504	688	702	720
505	965	984	1002
506	152	171	188
507	692	707	724
508	529	544	562
509	956	970	987
510	800	814	831
511	706	720	737
512	682	701	719
513	547	561	579
514	85	100	117
515	72	86	104
516	917	931	949
517	291	306	327
518	252	267	284
519	385	399	417
520	1031	1045	15
521	36	55	73
522	470	489	502
523	366	380	397
524	978	997	1015
525	1024	16	30
526	860	874	891
527	271	285	302
528	954	967	989
529	409	424	441
530	703	717	735
531	185	200	217
532	148	163	180
533	249	268	296
534	631	645	664
535	262	277	295
536	101	118	131
537	730	745	762
538	191	205	222
539	11	25	43
540	200	214	231
541	990	1004	1021
542	49	63	82
543	621	636	653
544	774	793	810
545	825	839	856
546	303	317	334
547	780	799	815
548	766	780	798
549	194	213	230
550	889	903	920
551	840	854	872
552	34	49	67
553	577	596	613
554	133	147	165
555	604	616	630
556	818	833	851
557	494	508	525
558	50	64	81
559	384	398	415
560	898	912	929
561	176	190	207
562	218	232	250
563	856	870	887
564	914	928	946
565	456	470	487
566	473	487	504
567	742	756	773
568	220	234	251
569	274	287	304
570	193	207	225
571	226	240	258
572	412	426	443
573	749	761	774
574	416	431	449
575	293	312	329
576	974	995	1017
577	321	335	352
578	992	1006	1024
579	442	456	474
580	70	84	102
581	622	636	654
582	454	468	486
583	216	230	248
584	649	663	681
585	875	890	907
586	317	336	353
587	296	310	327
588	659	674	693
589	121	135	153
590	313	327	345
591	88	103	120
592	1003	1022	1038
593	881	896	914
594	965	978	994
595	737	752	770
596	1020	1035	1054
597	191	206	223
598	553	567	595
599	613	627	645
600	965	979	997
601	852	867	889
602	367	382	399
603	827	845	862
604	86	100	117
605	228	242	259
606	179	194	211
607	273	287	304
608	688	702	720
609	846	860	877
610	455	470	487
611	948	962	979
612	847	861	879
613	36	50	68
614	464	478	495
615	913	927	940
616	384	399	412
617	392	407	425
618	618	632	649
619	753	767	785
620	749	763	780
621	326	340	357
622	657	671	689
623	941	955	973
624	58	72	90
625	153	167	184
626	490	509	527
627	47	61	79
628	142	156	174
629	335	349	366
630	92	106	123
631	385	404	421
632	1013	1027	8
633	774	795	818
634	250	269	287
635	544	558	576
636	41	58	71
637	240	257	272
638	905	920	938
639	14	28	44
640	156	171	188
641	17	31	48
642	784	797	814
643	897	911	929
644	525	544	561
645	639	653	670
646	852	866	883
647	991	1005	1022
648	507	521	538
649	383	397	415
650	372	386	404
651	564	578	595
652	142	157	175
653	266	280	297
654	436	450	467
655	57	71	89
656	66	80	98
657	610	627	641
658	601	615	635
659	48	61	79
660	363	376	393
661	298	312	331
662	791	805	822
663	876	890	908
664	590	605	624
665	156	170	188
666	737	752	769
667	112	126	143
668	342	357	376
669	769	783	801
670	520	534	551
671	661	675	692
672	896	910	927
673	658	673	690
674	59	73	90
675	560	574	591
676	977	991	1009
677	99	113	131
678	582	597	612
679	868	883	903
680	583	597	615
681	906	921	938
682	262	282	299
683	826	840	857
684	281	295	313
685	913	927	945
686	788	801	814
687	1006	1020	1037
688	42	56	73
689	511	525	542
690	716	730	747
691	1024	7	22
692	287	301	318
693	327	341	358
694	386	400	417
695	516	530	547
696	473	487	504
697	319	333	350
698	513	526	541
699	883	898	912
700	594	609	626
701	166	181	198
702	996	1010	1028
703	831	850	867
704	486	500	518
705	108	122	139
706	220	234	252
707	290	309	326
708	477	491	508
709	333	351	372
710	1004	1018	1036
711	845	859	875
712	756	770	788
713	84	98	115
714	540	558	575
715	34	48	65
716	317	331	349
717	133	148	165
718	793	807	819
719	684	699	719
720	990	1004	1021
721	935	949	965
722	168	182	199
723	413	427	445
724	264	283	301
725	970	984	1000
726	707	721	738
727	884	903	921
728	17	31	49
729	960	974	991
730	216	230	248
731	910	924	941
732	1002	1017	1034
733	203	218	235
734	187	202	220
735	755	769	786
736	494	509	526
737	580	595	609
738	776	792	805
739	323	338	355
740	927	941	958
741	588	602	615
742	310	324	341
743	948	962	979
744	432	446	463
745	218	232	249
746	681	695	712
747	849	863	881
748	923	937	954
749	510	524	541
750	672	687	703
751	856	870	887
752	936	950	967
753	98	113	132
754	196	210	228
755	344	358	375
756	955	970	987
757	690	705	719
758	731	744	759
759	287	301	319
760	235	249	267
761	988	1002	1019
762	846	860	877
763	172	186	204
764	28	42	59
765	37	51	68
766	926	940	957
767	45	59	77
768	238	252	270
769	434	448	465
770	1010	1024	8
771	196	210	227
772	674	688	705
773	122	136	154
774	835	849	866
775	243	258	275
776	415	429	447
777	813	827	845
778	207	224	237
779	975	990	1008
780	281	296	313
781	543	558	575
782	185	199	217
783	987	1001	1019
784	477	491	509
785	430	445	462
786	65	79	96
787	159	173	190
788	795	810	826
789	575	589	606
790	987	1001	1019
791	843	857	874
792	83	98	115
793	852	866	883
794	782	796	813
795	680	694	711
796	223	242	259
797	553	567	584
798	149	164	177
799	17	32	50
800	798	812	830
801	627	641	659
802	673	687	704
803	530	549	566
804	188	202	220
805	368	382	400
806	579	593	611
807	666	680	698
808	952	966	983
809	826	841	858
810	552	567	583
811	89	103	121
812	795	809	827
813	934	948	966
814	670	689	707
815	807	822	839
816	745	759	775
817	521	535	552
818	871	886	900
819	983	998	1016
820	714	729	746
821	551	566	583
822	419	433	450
823	664	678	695
824	897	911	928
825	207	221	238
826	519	533	550
827	457	472	491
828	989	1003	1021
829	557	570	588
830	854	870	890
831	96	111	129
832	281	295	313
833	750	765	787
834	356	370	388
835	248	262	279
836	457	471	489
837	721	737	751
838	721	741	758
839	158	172	190
840	412	426	443
841	889	904	921
842	777	791	808
843	589	603	621
844	449	463	481
845	708	722	739
846	948	964	977
847	980	994	1011
848	489	503	521
849	318	332	349
850	957	971	989
851	373	392	410
852	225	239	257
853	679	695	713
854	271	285	298
855	611	626	644
856	567	581	594
857	580	595	612
858	349	363	380
859	556	570	588
860	849	863	880
861	507	521	539
862	84	98	116
863	212	226	243
864	304	319	336
865	850	865	883
866	214	229	246
867	92	112	128
868	898	912	930
869	649	663	684
870	442	461	478
871	1044	19	33
872	716	730	748
873	447	462	479
874	676	690	707
875	1021	8	22
876	880	895	910
877	912	927	944
878	891	906	923
879	291	305	323
880	50	64	82
881	439	453	471
882	75	89	107
883	955	970	987
884	61	75	93
885	314	328	345
886	507	521	538
887	38	54	74
888	871	885	903
889	934	948	966
890	281	295	312
891	670	685	701
892	180	194	212
893	578	592	610
894	1021	1035	15
895	605	619	636
896	405	419	437
897	520	534	550
898	17	32	46
899	574	588	606
900	553	567	580
901	445	459	477
902	365	379	396
903	360	374	392
904	928	942	960
905	887	901	918
906	260	274	291
907	788	802	855
908	800	814	831
909	724	739	757
910	838	852	869
911	473	487	504
912	968	982	999
913	867	881	899
914	146	161	178
915	279	293	307
916	185	201	215
917	673	688	705
918	155	169	188
919	498	513	530
920	626	640	657
921	662	676	693
922	579	594	611
923	961	975	993
924	64	79	96
925	639	652	669
926	834	848	866
927	552	567	584
928	524	538	555
929	118	134	147
930	691	706	723
931	633	647	665
932	267	281	298
933	184	198	215
934	417	431	448
935	22	37	52
936	227	242	261
937	356	372	390
938	398	412	430
939	27	41	59
940	727	741	759
941	732	746	763
942	72	86	105
943	669	683	701
944	959	973	990
945	686	700	717
946	822	836	853
947	200	215	232
948	413	427	444
949	483	497	515
950	726	741	758
951	33	47	64
952	294	308	325
953	195	210	227
954	444	458	476
955	713	728	742
956	851	866	879
957	97	112	129
958	599	613	630
959	912	926	943
960	428	442	459
961	67	81	98
962	294	308	326
963	216	230	248
964	652	666	683
965	316	330	347
966	645	660	677
967	152	167	184
968	45	59	77
969	899	913	930
970	76	90	108
971	186	205	223
972	601	616	633
973	642	656	673
974	49	63	81
975	868	882	900
976	467	481	495
977	95	107	121
978	772	787	804
979	913	925	943
980	1009	1023	8
981	232	246	263
982	891	905	923
983	816	835	852
984	772	787	803
985	875	889	906
986	186	201	218
987	430	444	461
988	865	880	897
989	340	354	371
990	933	947	964
991	728	742	759
992	542	557	574
993	249	263	287
994	851	866	886
995	962	976	994
996	661	676	693
997	989	1003	1020
998	121	135	152
999	67	81	100
