

Reaction test
type	A+B+C
number	1000

max value	65536
unit	us

test	A	B	C
0	50	20	85
1	60	35	93
2	36	11	67
3	15	98	29
4	43	19	74
5	92	68	123
6	97	57	111
7	64	39	95
8	97	83	15
9	41	17	72
10	84	59	114
11	93	79	128
12	45	20	75
13	51	27	82
14	11	92	24
15	105	63	119
16	64	24	77
17	34	9	65
18	20	101	34
19	48	9	62
20	56	40	80
21	89	46	103
22	33	7	65
23	54	29	88
24	41	17	73
25	75	50	107
26	82	57	112
27	25	102	39
28	64	39	96
29	25	102	39
30	40	16	80
31	27	12	53
32	40	14	72
33	99	81	7
34	8	90	22
35	58	33	91
36	122	83	12
37	40	15	71
38	93	54	107
39	119	80	10
40	32	7	63
41	9	86	23
42	119	81	11
43	85	60	116
44	70	46	100
45	66	41	96
46	49	24	80
47	79	54	109
48	73	50	104
49	32	7	62
50	65	41	96
51	39	14	71
52	77	51	108
53	67	42	99
54	33	8	64
55	35	10	66
56	65	40	96
57	55	30	85
58	15	96	29
59	59	34	89
60	97	73	128
61	8	84	22
62	46	21	77
63	24	107	38
64	93	68	123
65	109	85	14
66	43	19	74
67	41	16	71
68	82	57	112
69	10	87	24
70	15	92	29
71	81	57	112
72	96	80	13
73	59	35	89
74	27	108	42
75	49	25	80
76	53	28	85
77	11	89	25
78	45	26	79
79	35	10	65
80	79	55	110
81	97	83	15
82	40	15	73
83	18	96	32
84	101	62	115
85	33	8	64
86	116	77	130
87	20	98	34
88	47	8	60
89	79	40	93
90	73	49	104
91	69	30	83
92	20	98	35
93	38	14	69
94	70	46	100
95	92	53	106
96	42	18	73
97	7	88	21
98	44	25	69
99	90	72	111
100	47	21	82
101	53	28	90
102	90	65	120
103	40	26	63
104	71	47	102
105	25	109	39
106	11	104	25
107	102	62	115
108	68	44	99
109	118	79	7
110	107	83	8
111	116	77	132
112	93	69	124
113	14	92	28
114	25	103	39
115	86	47	100
116	63	44	88
117	24	106	40
118	107	83	11
119	55	30	86
120	36	11	66
121	62	37	92
122	69	45	100
123	81	56	112
124	57	32	88
125	63	39	94
126	96	71	127
127	46	22	76
128	62	37	93
129	35	10	65
130	8	86	22
131	71	53	96
132	108	85	11
133	44	19	74
134	61	37	91
135	48	24	79
136	20	111	34
137	89	73	7
138	7	89	21
139	15	96	29
140	29	10	55
141	85	44	99
142	9	86	23
143	100	76	134
144	41	17	71
145	53	28	83
146	40	27	63
147	67	43	98
148	44	20	74
149	6	85	18
150	83	59	114
151	38	13	68
152	18	100	32
153	57	32	88
154	98	73	129
155	67	43	98
156	12	93	23
157	60	35	90
158	96	81	14
159	92	68	123
160	48	23	79
161	29	13	53
162	109	69	122
163	68	29	82
164	93	54	107
165	14	92	28
166	43	19	73
167	37	13	68
168	45	12	78
169	64	39	94
170	51	27	84
171	94	55	107
172	83	58	114
173	115	76	128
174	100	62	114
175	18	101	32
176	96	83	15
177	74	49	104
178	76	51	106
179	105	80	7
180	91	67	125
181	101	77	132
182	25	107	41
183	83	43	97
184	91	66	126
185	40	15	71
186	67	42	97
187	81	57	111
188	19	96	33
189	76	51	106
190	26	102	41
191	46	27	80
192	112	95	15
193	116	73	9
194	43	18	73
195	14	91	28
196	52	27	83
197	90	66	121
198	64	40	95
199	25	107	39
200	47	22	78
201	97	73	128
202	10	92	24
203	58	33	90
204	58	41	85
205	20	102	35
206	67	43	98
207	19	110	33
208	13	95	27
209	45	20	79
210	56	32	87
211	97	73	127
212	103	78	7
213	71	45	102
214	76	51	106
215	104	80	10
216	67	41	99
217	76	51	108
218	99	75	6
219	71	47	103
220	107	57	116
221	90	65	121
222	89	65	120
223	124	85	14
224	23	100	37
225	9	90	23
226	100	75	131
227	90	75	8
228	58	19	70
229	21	104	36
230	82	56	113
231	32	8	62
232	44	20	77
233	86	61	117
234	72	47	105
235	42	18	75
236	59	35	93
237	43	19	74
238	76	37	86
239	80	55	110
240	98	59	111
241	36	12	67
242	68	44	99
243	49	25	79
244	87	48	100
245	108	83	10
246	17	110	31
247	96	57	110
248	14	92	27
249	13	91	27
250	96	79	6
251	36	10	75
252	112	88	14
253	31	7	62
254	49	25	80
255	20	99	34
256	37	12	67
257	105	80	7
258	37	13	68
259	63	38	94
260	88	74	7
261	51	27	82
262	88	64	118
263	26	103	40
264	99	75	132
265	6	88	20
266	19	96	33
267	21	98	35
268	35	10	67
269	47	23	78
270	127	87	16
271	71	46	106
272	67	42	97
273	91	73	114
274	12	90	27
275	51	26	82
276	7	85	21
277	94	69	125
278	22	103	35
279	8	91	22
280	40	16	71
281	105	81	10
282	56	31	86
283	47	22	79
284	69	45	102
285	90	66	121
286	97	73	128
287	84	60	115
288	85	60	117
289	22	100	36
290	72	47	104
291	75	50	106
292	47	22	81
293	18	95	33
294	50	32	74
295	26	103	42
296	103	61	118
297	113	92	14
298	9	92	23
299	55	30	85
300	36	12	67
301	64	40	94
302	50	25	84
303	93	69	124
304	100	76	131
305	83	58	113
306	59	34	90
307	55	30	86
308	73	54	106
309	96	72	127
310	17	99	31
311	15	94	29
312	68	43	98
313	42	17	73
314	13	95	26
315	81	56	111
316	91	75	9
317	68	43	101
318	33	20	56
319	94	68	129
320	63	24	77
321	92	68	126
322	95	56	108
323	15	93	29
324	40	16	71
325	99	56	113
326	21	100	35
327	64	40	95
328	57	43	80
329	82	58	113
330	89	64	120
331	18	101	32
332	8	86	22
333	92	77	10
334	56	31	86
335	25	108	39
336	124	80	13
337	94	69	124
338	60	36	93
339	68	43	98
340	89	64	119
341	34	16	57
342	46	30	74
343	81	56	112
344	96	80	13
345	15	99	29
346	93	69	124
347	100	76	131
348	19	111	33
349	84	59	115
350	79	54	109
351	27	108	41
352	34	9	68
353	50	25	80
354	10	92	24
355	72	47	102
356	68	44	99
357	72	46	103
358	46	21	76
359	10	88	24
360	111	72	10
361	63	39	94
362	40	23	64
363	61	46	87
364	87	61	117
365	73	49	104
366	8	99	22
367	36	12	67
368	90	66	121
369	77	30	90
370	81	57	112
371	24	101	38
372	98	74	128
373	50	25	85
374	48	23	78
375	24	101	38
376	90	65	120
377	23	100	37
378	81	56	112
379	12	89	26
380	64	39	95
381	12	95	27
382	99	74	132
383	65	40	97
384	89	76	114
385	8	156	21
386	94	83	118
387	70	29	83
388	55	31	86
389	66	41	99
390	83	58	113
391	66	40	97
392	50	18	83
393	81	56	111
394	100	75	130
395	100	76	131
396	60	20	73
397	21	99	35
398	83	69	6
399	56	32	87
400	8	86	23
401	78	64	102
402	98	74	129
403	116	77	130
404	16	99	30
405	19	95	34
406	72	33	86
407	56	41	83
408	39	14	72
409	9	85	23
410	107	87	141
411	95	81	13
412	65	26	79
413	60	36	91
414	116	77	130
415	67	43	101
416	48	23	78
417	26	109	40
418	38	14	70
419	11	85	25
420	83	59	114
421	94	78	11
422	103	79	8
423	31	6	62
424	95	70	125
425	36	11	66
426	96	81	14
427	85	60	116
428	26	108	40
429	35	18	60
430	49	8	63
431	13	95	27
432	103	79	8
433	59	34	91
434	91	66	122
435	61	36	93
436	14	97	29
437	100	76	131
438	16	93	30
439	100	75	131
440	42	18	73
441	101	77	7
442	6	84	20
443	72	48	102
444	21	103	35
445	18	99	32
446	41	17	72
447	86	67	119
448	26	104	40
449	67	43	98
450	101	76	132
451	15	97	29
452	42	17	72
453	97	73	128
454	16	96	27
455	97	56	111
456	44	19	76
457	54	30	89
458	78	53	118
459	88	64	119
460	23	105	37
461	21	97	37
462	122	88	16
463	80	55	112
464	18	95	32
465	67	42	97
466	74	49	104
467	108	83	11
468	53	38	77
469	13	90	27
470	79	60	113
471	38	14	69
472	21	102	35
473	48	9	62
474	82	43	96
475	37	12	69
476	44	19	76
477	11	94	25
478	13	90	27
479	33	16	57
480	34	21	72
481	88	71	7
482	55	16	68
483	93	79	12
484	109	83	10
485	98	84	16
486	89	64	119
487	55	30	87
488	11	103	25
489	14	92	28
490	77	53	107
491	6	84	20
492	115	77	129
493	94	80	12
494	74	49	104
495	34	10	65
496	22	108	36
497	76	37	90
498	92	53	105
499	19	111	32
500	77	52	108
501	96	72	127
502	46	22	77
503	55	38	80
504	9	94	24
505	73	47	105
506	116	77	6
507	83	58	113
508	10	87	24
509	83	59	114
510	36	12	67
511	62	37	92
512	95	79	12
513	93	77	10
514	63	38	93
515	39	14	69
516	47	23	77
517	53	29	84
518	49	24	79
519	95	71	125
520	8	89	23
521	89	65	120
522	95	71	127
523	83	58	116
524	103	84	11
525	51	11	65
526	61	36	93
527	36	11	67
528	90	74	8
529	10	87	23
530	90	66	121
531	75	51	106
532	119	81	9
533	105	76	138
534	75	50	105
535	69	44	99
536	13	91	27
537	36	11	66
538	9	86	23
539	38	13	70
540	65	15	78
541	60	35	91
542	17	94	31
543	32	12	69
544	61	36	95
545	50	32	74
546	64	39	94
547	100	74	131
548	19	96	34
549	87	62	117
550	47	22	77
551	11	89	25
552	32	7	81
553	110	85	12
554	94	70	129
555	50	25	80
556	26	108	41
557	31	6	61
558	90	51	104
559	106	68	120
560	113	78	6
561	21	7	45
562	15	98	30
563	17	101	31
564	88	46	101
565	17	98	31
566	112	87	13
567	18	101	35
568	89	63	120
569	90	64	121
570	10	88	24
571	68	29	81
572	80	55	110
573	52	28	83
574	105	61	119
575	102	63	116
576	98	59	111
577	121	82	11
578	85	60	116
579	72	56	96
580	115	88	6
581	52	28	82
582	48	23	79
583	25	107	39
584	53	28	86
585	31	6	62
586	95	79	120
587	28	10	52
588	116	75	129
589	81	56	112
590	23	105	37
591	98	73	128
592	81	57	112
593	33	8	64
594	92	67	123
595	124	84	13
596	35	11	66
597	44	19	74
598	25	106	39
599	10	88	24
600	47	23	78
601	69	45	100
602	89	65	120
603	16	97	27
604	48	24	79
605	51	27	82
606	24	116	38
607	22	101	35
608	92	52	106
609	26	103	40
610	45	20	75
611	51	26	82
612	10	87	24
613	21	98	35
614	66	42	97
615	19	97	34
616	19	102	33
617	36	12	66
618	92	67	122
619	23	104	37
620	66	42	98
621	77	53	109
622	34	9	64
623	99	75	130
624	63	24	77
625	68	44	99
626	81	62	107
627	71	56	96
628	94	80	12
629	99	75	129
630	63	38	93
631	114	87	14
632	16	99	30
633	83	59	114
634	31	6	61
635	93	69	123
636	116	77	129
637	57	33	88
638	92	78	13
639	20	102	34
640	68	29	82
641	65	41	96
642	14	91	27
643	13	91	26
644	97	63	123
645	89	65	120
646	41	16	75
647	87	63	118
648	10	93	24
649	15	93	29
650	14	97	30
651	103	87	13
652	24	105	39
653	84	59	117
654	74	49	106
655	63	37	95
656	94	68	126
657	99	75	130
658	108	83	13
659	32	16	57
660	24	106	38
661	17	99	31
662	86	69	112
663	67	41	100
664	98	73	129
665	47	23	78
666	19	101	33
667	97	72	131
668	83	58	114
669	24	101	38
670	81	63	106
671	15	96	27
672	9	89	20
673	105	87	13
674	50	37	74
675	81	64	108
676	118	79	9
677	53	12	67
678	31	13	55
679	13	92	29
680	71	46	102
681	10	87	25
682	52	11	65
683	50	25	81
684	64	24	78
685	82	57	113
686	52	27	82
687	21	95	36
688	14	91	28
689	96	80	13
690	47	22	79
691	36	11	66
692	73	49	103
693	100	75	130
694	96	79	121
695	19	101	34
696	47	22	78
697	77	51	109
698	30	12	56
699	96	78	121
700	9	90	24
701	72	47	107
702	76	51	109
703	67	28	81
704	79	41	93
705	104	86	12
706	79	55	114
707	96	72	127
708	33	9	65
709	30	6	61
710	46	22	80
711	7	84	21
712	34	10	65
713	74	36	88
714	88	74	7
715	113	87	15
716	87	49	101
717	68	29	81
718	6	89	20
719	12	90	26
720	105	88	6
721	21	99	35
722	109	86	11
723	95	71	125
724	84	60	115
725	113	74	127
726	97	72	127
727	10	88	24
728	46	21	77
729	93	69	124
730	112	87	14
731	48	23	79
732	93	77	10
733	85	43	99
734	54	29	86
735	118	85	12
736	59	34	89
737	16	98	31
738	118	79	7
739	54	29	85
740	59	16	72
741	13	97	27
742	23	104	38
743	46	21	76
744	43	18	73
745	24	116	38
746	83	59	116
747	14	106	28
748	31	11	65
749	13	95	27
750	8	101	22
751	93	68	123
752	30	6	60
753	54	30	87
754	94	70	125
755	95	47	109
756	93	68	123
757	42	17	72
758	45	19	76
759	99	84	17
760	78	54	109
761	84	60	115
762	35	10	66
763	46	22	82
764	75	51	106
765	38	13	68
766	52	28	83
767	44	20	75
768	20	102	34
769	121	87	15
770	98	74	129
771	15	92	29
772	64	39	94
773	12	89	28
774	97	81	14
775	102	78	7
776	46	22	77
777	35	10	69
778	74	49	104
779	37	12	67
780	98	73	129
781	16	98	30
782	27	103	42
783	92	68	123
784	42	25	66
785	86	46	100
786	71	46	101
787	70	54	94
788	68	29	82
789	83	58	114
790	105	65	119
791	11	95	25
792	96	71	131
793	88	64	122
794	22	105	36
795	76	37	90
796	60	35	90
797	53	29	86
798	101	62	115
799	51	12	65
800	111	72	125
801	10	92	24
802	10	105	24
803	68	30	82
804	66	28	80
805	60	35	91
806	99	75	130
807	67	43	97
808	39	14	70
809	68	29	82
810	113	88	15
811	52	28	83
812	35	11	65
813	87	72	10
814	24	108	39
815	64	25	77
816	84	59	115
817	45	20	76
818	38	13	68
819	22	100	37
820	83	58	114
821	45	21	78
822	13	91	28
823	11	102	25
824	18	100	32
825	9	90	23
826	15	96	30
827	97	73	128
828	110	85	14
829	84	59	114
830	50	25	81
831	24	106	39
832	78	53	109
833	18	100	32
834	99	74	129
835	69	44	104
836	23	101	37
837	61	37	92
838	85	60	116
839	75	49	107
840	84	60	115
841	96	71	128
842	77	52	108
843	11	89	25
844	50	24	82
845	84	60	115
846	94	69	124
847	21	102	35
848	86	61	117
849	33	8	64
850	84	59	115
851	8	85	22
852	14	96	28
853	67	43	98
854	113	77	6
855	98	82	16
856	47	29	70
857	58	34	89
858	90	75	8
859	46	21	78
860	95	79	13
861	51	25	83
862	19	96	33
863	67	42	99
864	16	90	30
865	63	39	94
866	86	47	99
867	43	18	76
868	74	49	105
869	71	26	84
870	21	103	35
871	66	42	97
872	65	39	97
873	66	42	97
874	76	38	90
875	25	107	39
876	84	60	114
877	80	66	9
878	85	46	99
879	113	88	15
880	43	19	74
881	68	44	99
882	61	36	91
883	26	108	40
884	36	12	66
885	15	93	29
886	46	21	76
887	12	90	26
888	89	64	120
889	80	56	111
890	102	78	133
891	23	101	37
892	38	14	70
893	49	24	82
894	74	50	105
895	107	84	10
896	97	81	14
897	50	26	80
898	72	47	102
899	33	8	64
900	120	80	9
901	81	57	112
902	46	21	76
903	96	80	14
904	74	50	105
905	86	47	100
906	69	45	100
907	111	86	16
908	59	34	89
909	89	65	116
910	15	107	29
911	93	68	125
912	78	54	109
913	117	79	8
914	97	73	128
915	64	39	95
916	44	10	70
917	51	26	82
918	74	50	105
919	12	94	26
920	62	38	94
921	87	62	118
922	11	88	25
923	93	78	11
924	24	106	38
925	81	56	112
926	91	75	10
927	100	76	130
928	96	81	14
929	89	65	119
930	49	25	80
931	89	73	6
932	52	27	84
933	47	23	79
934	100	76	131
935	60	36	91
936	57	32	88
937	47	23	78
938	11	89	25
939	97	81	15
940	34	10	64
941	34	9	64
942	40	16	71
943	7	85	21
944	91	67	124
945	6	89	21
946	34	8	72
947	66	53	89
948	68	29	81
949	95	70	125
950	109	85	11
951	98	74	129
952	51	27	81
953	59	34	89
954	95	56	109
955	94	77	8
956	26	109	40
957	60	36	91
958	55	16	69
959	106	67	119
960	55	30	85
961	49	25	80
962	36	11	66
963	43	18	73
964	57	18	71
965	49	24	79
966	91	78	114
967	108	85	10
968	8	86	22
969	90	77	9
970	60	36	91
971	97	81	15
972	21	98	35
973	122	82	11
974	63	39	94
975	20	94	34
976	66	41	96
977	44	19	79
978	98	73	129
979	10	103	24
980	120	82	15
981	79	54	110
982	34	9	64
983	79	55	110
984	58	33	88
985	57	31	87
986	41	16	74
987	70	45	101
988	36	11	66
989	54	37	76
990	106	90	8
991	17	95	31
992	89	64	119
993	62	37	92
994	66	41	97
995	100	81	8
996	98	74	129
997	93	68	123
998	123	85	14
999	40	16	71
