

Reaction test
type	A+B+C
number	1000

max value	65536
unit	us

test	A	B	C
0	12	32	157
1	11	27	37
2	26	35	205
3	27	36	213
4	12	26	36
5	12	30	74
6	9	27	37
7	17	26	117
8	7	25	35
9	11	23	195
10	7	20	29
11	20	29	203
12	9	22	31
13	10	27	37
14	9	27	70
15	12	30	40
16	8	24	34
17	8	20	29
18	9	27	36
19	9	27	36
20	8	26	69
21	7	20	35
22	11	27	37
23	12	29	63
24	26	35	204
25	10	23	202
26	7	25	35
27	13	22	114
28	6	23	33
29	23	32	122
30	7	20	35
31	8	26	36
32	6	19	111
33	10	26	36
34	5	23	55
35	5	23	33
36	11	29	72
37	9	25	35
38	8	25	35
39	9	26	69
40	13	29	39
41	21	7	123
42	28	37	62
43	9	25	35
44	25	34	127
45	12	29	39
46	9	22	32
47	6	18	61
48	26	35	61
49	8	20	31
50	7	23	33
51	11	28	61
52	5	18	28
53	13	25	208
54	13	31	41
55	13	25	119
56	7	26	35
57	6	18	28
58	20	6	125
59	13	29	39
60	10	27	60
61	18	27	196
62	15	24	114
63	12	29	39
64	6	23	33
65	10	27	69
66	14	31	41
67	5	22	32
68	12	28	69
69	19	28	47
70	6	20	198
71	12	29	39
72	7	24	144
73	11	28	38
74	21	30	40
75	9	27	38
76	8	21	31
77	14	27	117
78	11	28	37
79	8	24	34
80	5	22	55
81	6	18	29
82	24	33	124
83	15	29	46
84	23	32	123
85	12	25	35
86	10	22	32
87	9	26	36
88	10	27	70
89	19	5	46
90	6	19	29
91	10	29	74
92	6	22	32
93	11	29	39
94	14	30	207
95	6	19	30
96	6	24	33
97	12	24	118
98	12	29	39
99	10	26	36
100	6	18	28
101	15	29	44
102	13	30	40
103	13	29	71
104	7	20	29
105	14	23	192
106	9	24	34
107	9	25	59
108	12	30	40
109	22	7	39
110	22	31	53
111	13	29	39
112	25	12	35
113	11	29	39
114	8	23	64
115	13	30	40
116	7	19	195
117	6	24	34
118	22	31	204
119	9	24	193
120	24	10	54
121	8	25	35
122	18	27	122
123	14	23	197
124	11	28	38
125	6	23	34
126	18	27	124
127	11	28	38
128	7	24	66
129	5	23	33
130	8	22	31
131	26	12	44
132	10	26	36
133	9	27	37
134	10	28	66
135	8	25	35
136	9	22	61
137	14	26	37
138	8	25	35
139	10	26	67
140	5	18	29
141	7	24	34
142	17	26	202
143	6	20	192
144	5	21	31
145	6	22	32
146	10	27	60
147	12	30	40
148	15	24	117
149	12	29	38
150	5	22	32
151	7	24	67
152	11	29	39
153	19	28	197
154	14	27	36
155	6	23	65
156	8	24	34
157	10	27	37
158	15	24	120
159	12	28	38
160	11	24	34
161	13	31	42
162	15	30	197
163	7	24	34
164	6	19	198
165	7	20	29
166	27	13	45
167	9	25	35
168	11	28	38
169	14	29	71
170	12	24	39
171	6	24	34
172	14	26	119
173	12	29	39
174	11	27	37
175	14	30	63
176	14	26	36
177	8	24	67
178	6	24	34
179	11	29	38
180	6	23	65
181	24	33	52
182	20	29	120
183	9	21	35
184	10	27	36
185	6	21	31
186	11	27	37
187	26	35	208
188	8	26	35
189	9	22	59
190	24	10	126
191	5	22	32
192	14	27	37
193	9	26	69
194	11	27	37
195	9	21	31
196	10	27	36
197	10	22	32
198	8	24	34
199	7	24	34
200	6	23	66
201	13	27	40
202	9	27	37
203	9	27	69
204	5	20	31
205	8	24	34
206	9	22	109
207	15	24	196
208	19	5	116
209	12	29	39
210	8	24	34
211	22	31	40
212	9	25	35
213	13	30	72
214	9	26	35
215	9	26	36
216	9	26	68
217	10	22	32
218	9	25	34
219	13	31	41
220	10	26	64
221	6	25	34
222	11	29	39
223	13	29	69
224	11	29	39
225	14	32	42
226	10	28	145
227	7	22	196
228	21	7	49
229	11	24	201
230	10	28	38
231	19	28	202
232	5	18	30
233	10	27	37
234	10	28	37
235	13	29	66
236	18	26	52
237	13	26	206
238	10	28	38
239	6	19	113
240	6	19	34
241	24	10	128
242	13	22	195
243	11	28	38
244	13	29	65
245	6	23	33
246	14	32	69
247	11	28	37
248	12	26	118
249	7	22	196
250	6	18	28
251	8	25	35
252	13	31	74
253	13	29	39
254	11	23	199
255	8	24	34
256	9	25	35
257	13	27	37
258	12	29	39
259	11	27	37
260	20	29	38
261	13	25	36
262	10	26	36
263	8	25	58
264	10	28	38
265	10	27	69
266	14	30	40
267	13	26	37
268	10	28	38
269	9	21	112
270	10	24	34
271	11	24	35
272	9	21	198
273	6	18	34
274	13	30	40
275	27	13	44
276	6	23	33
277	9	26	36
278	14	28	115
279	10	22	32
280	13	26	41
281	11	23	33
282	10	28	71
283	14	23	49
284	12	30	40
285	12	27	115
286	9	23	40
287	20	6	121
288	7	25	35
289	8	26	36
290	6	18	61
291	6	24	34
292	18	27	118
293	13	30	40
294	9	22	32
295	9	25	194
296	12	30	40
297	16	25	194
298	6	19	29
299	7	23	63
300	8	24	34
301	12	29	39
302	28	13	45
303	9	26	36
304	9	27	37
305	11	28	71
306	14	30	40
307	25	34	204
308	9	25	35
309	6	18	28
310	10	28	38
311	23	9	125
312	7	23	32
313	13	30	40
314	9	22	115
315	25	11	127
316	22	8	56
317	10	26	36
318	23	32	42
319	12	24	35
320	13	28	41
321	23	8	128
322	14	26	201
323	18	27	51
324	11	28	37
325	23	32	126
326	9	26	36
327	24	33	127
328	26	35	56
329	11	28	37
330	13	25	118
331	8	24	33
332	13	31	41
333	17	30	194
334	9	25	35
335	8	21	31
336	14	34	47
337	21	29	51
338	13	26	205
339	6	23	33
340	8	27	71
341	20	29	50
342	24	33	202
343	13	25	205
344	19	28	197
345	13	30	39
346	23	9	41
347	8	21	30
348	27	36	206
349	10	26	36
350	13	31	67
351	6	19	35
352	6	23	33
353	11	29	71
354	25	11	60
355	4	16	193
356	9	21	31
357	13	31	41
358	12	28	38
359	7	24	57
360	10	25	35
361	13	29	63
362	22	31	200
363	6	22	205
364	9	27	37
365	26	35	204
366	7	25	35
367	11	30	72
368	13	29	39
369	8	26	36
370	8	24	65
371	23	9	57
372	7	23	33
373	13	30	63
374	6	19	29
375	12	24	201
376	12	28	38
377	17	26	205
378	9	27	37
379	13	25	118
380	7	25	34
381	13	29	69
382	10	27	37
383	6	20	37
384	12	24	36
385	14	31	41
386	12	28	68
387	12	24	35
388	6	23	33
389	9	22	33
390	24	10	125
391	23	32	55
392	5	23	33
393	8	24	64
394	21	30	49
395	5	22	32
396	7	24	65
397	11	23	34
398	13	25	37
399	10	27	36
400	7	19	62
401	5	17	32
402	13	22	141
403	5	23	33
404	9	21	31
405	6	23	33
406	12	29	72
407	25	11	60
408	7	25	35
409	12	29	72
410	11	29	39
411	6	19	29
412	13	25	115
413	13	31	41
414	11	29	39
415	14	27	118
416	11	23	38
417	9	23	192
418	11	26	39
419	11	28	38
420	9	21	108
421	12	30	40
422	8	25	35
423	12	29	71
424	10	22	33
425	20	29	50
426	7	20	30
427	13	31	147
428	9	27	37
429	11	29	71
430	6	24	34
431	13	27	199
432	10	22	34
433	13	29	206
434	5	18	196
435	12	24	201
436	8	26	36
437	13	30	72
438	9	22	37
439	10	27	37
440	12	30	66
441	11	27	37
442	25	34	127
443	12	33	43
444	17	26	195
445	7	25	34
446	20	29	125
447	9	25	35
448	22	31	41
449	9	20	196
450	9	25	34
451	25	34	43
452	9	21	36
453	12	27	201
454	5	21	31
455	27	13	124
456	10	22	38
457	10	26	36
458	13	30	63
459	15	24	203
460	7	25	35
461	9	25	35
462	5	21	55
463	22	31	205
464	13	26	37
465	11	24	34
466	6	20	107
467	19	28	47
468	6	23	32
469	12	28	68
470	13	29	39
471	11	28	37
472	13	25	117
473	10	28	38
474	9	26	36
475	13	30	72
476	6	24	34
477	12	30	40
478	12	24	117
479	10	26	36
480	8	25	34
481	14	23	120
482	13	30	40
483	8	24	34
484	7	24	57
485	20	29	203
486	7	21	38
487	8	26	36
488	8	25	63
489	25	34	207
490	12	30	40
491	23	9	41
492	12	30	40
493	12	24	36
494	7	24	34
495	8	26	144
496	7	20	196
497	12	28	38
498	25	11	129
499	13	30	40
500	11	28	151
501	14	28	200
502	9	21	37
503	11	29	39
504	6	22	63
505	7	24	34
506	13	27	204
507	9	23	198
508	14	29	39
509	14	26	59
510	9	26	36
511	12	29	72
512	13	31	41
513	22	7	124
514	11	24	34
515	11	24	204
516	7	20	30
517	14	31	41
518	5	22	65
519	5	56	32
520	11	28	38
521	13	26	116
522	11	26	38
523	13	26	38
524	9	27	37
525	8	25	67
526	15	24	46
527	7	21	193
528	27	35	57
529	10	27	37
530	8	20	110
531	23	9	57
532	13	30	40
533	9	25	67
534	12	29	38
535	10	27	37
536	9	26	68
537	13	29	39
538	10	27	37
539	23	9	41
540	12	29	39
541	8	25	35
542	13	27	117
543	13	31	41
544	13	29	39
545	13	31	70
546	13	31	41
547	11	28	70
548	11	27	37
549	11	23	200
550	12	24	40
551	5	21	31
552	21	7	31
553	6	23	33
554	7	25	67
555	9	24	34
556	14	28	202
557	22	8	57
558	13	30	40
559	7	24	67
560	11	25	43
561	12	66	39
562	14	29	66
563	20	29	120
564	12	28	37
565	6	20	193
566	22	8	56
567	13	33	46
568	16	35	72
569	8	21	32
570	21	7	55
571	12	28	37
572	7	23	55
573	11	29	39
574	8	26	68
575	8	25	34
576	26	35	126
577	9	25	35
578	13	27	196
579	13	31	41
580	8	24	33
581	9	27	59
582	6	23	33
583	10	26	67
584	6	18	28
585	5	22	32
586	9	27	37
587	13	31	77
588	9	25	35
589	5	23	33
590	8	27	144
591	10	26	36
592	12	28	63
593	19	28	202
594	12	24	39
595	22	31	199
596	21	30	127
597	8	21	31
598	6	24	34
599	9	26	36
600	13	25	118
601	10	28	38
602	8	25	34
603	13	29	70
604	14	23	45
605	20	29	203
606	9	23	37
607	11	23	195
608	8	22	39
609	17	26	199
610	11	31	45
611	12	29	39
612	7	24	67
613	5	22	32
614	10	27	37
615	6	23	65
616	13	22	41
617	21	30	203
618	13	25	202
619	18	27	52
620	11	27	37
621	11	28	61
622	12	24	34
623	9	24	193
624	11	28	38
625	14	28	38
626	9	25	63
627	13	26	203
628	13	26	38
629	13	30	40
630	12	28	38
631	13	26	118
632	5	22	31
633	10	28	38
634	12	30	66
635	7	23	33
636	5	18	190
637	13	25	40
638	14	32	42
639	13	25	116
640	9	25	35
641	23	32	201
642	13	25	36
643	23	32	123
644	10	23	38
645	10	26	36
646	18	27	37
647	6	23	33
648	10	28	71
649	9	22	32
650	12	25	198
651	9	22	32
652	13	31	41
653	11	27	67
654	22	31	50
655	6	19	29
656	16	25	121
657	11	27	37
658	10	22	31
659	26	35	60
660	7	25	35
661	7	20	109
662	21	30	55
663	12	30	39
664	8	20	113
665	9	29	39
666	9	27	37
667	9	27	63
668	11	23	35
669	11	24	202
670	13	25	36
671	10	24	194
672	10	24	42
673	8	25	35
674	12	30	69
675	14	32	43
676	12	30	66
677	26	35	60
678	12	29	39
679	12	29	72
680	8	24	34
681	12	24	34
682	12	25	201
683	8	26	36
684	8	24	34
685	9	21	32
686	11	28	38
687	12	25	207
688	8	25	35
689	7	23	64
690	8	21	31
691	14	28	204
692	5	21	31
693	14	26	115
694	10	26	36
695	8	25	58
696	14	28	39
697	10	23	33
698	8	20	113
699	10	23	39
700	10	26	36
701	14	30	63
702	5	23	33
703	13	27	117
704	10	27	37
705	15	29	203
706	8	21	36
707	12	29	39
708	12	29	145
709	5	23	33
710	6	23	63
711	7	25	35
712	9	22	198
713	25	34	210
714	7	20	30
715	10	26	36
716	6	23	33
717	11	29	71
718	7	19	35
719	10	23	33
720	10	27	62
721	6	25	35
722	6	24	67
723	10	23	38
724	7	20	30
725	11	25	113
726	10	22	33
727	8	24	34
728	6	24	66
729	10	28	37
730	8	26	36
731	12	27	120
732	6	20	197
733	12	31	40
734	11	27	65
735	11	27	37
736	15	24	198
737	12	33	42
738	9	27	37
739	7	23	116
740	10	28	37
741	6	24	66
742	10	23	33
743	12	27	208
744	8	24	34
745	9	21	31
746	8	26	36
747	26	13	129
748	7	24	34
749	9	28	37
750	22	31	123
751	11	28	38
752	10	26	36
753	10	27	61
754	6	18	195
755	11	24	35
756	9	29	47
757	7	25	34
758	17	26	121
759	9	21	32
760	13	28	197
761	7	20	35
762	5	17	194
763	12	28	37
764	13	22	195
765	17	26	198
766	17	26	195
767	10	27	37
768	13	30	151
769	13	29	39
770	14	31	152
771	7	23	33
772	13	25	112
773	11	28	37
774	13	30	40
775	24	33	128
776	8	20	192
777	16	25	50
778	13	30	39
779	24	33	128
780	11	27	37
781	11	24	113
782	6	18	28
783	13	31	41
784	11	27	68
785	5	22	32
786	12	24	35
787	11	27	36
788	6	18	51
789	7	19	195
790	19	28	47
791	11	28	38
792	9	30	82
793	12	28	37
794	12	26	319
795	13	31	41
796	5	23	140
797	7	19	30
798	6	24	34
799	5	22	62
800	25	34	59
801	6	23	33
802	10	27	70
803	7	21	35
804	8	22	197
805	7	24	33
806	6	24	57
807	8	27	37
808	10	26	66
809	13	26	41
810	5	18	195
811	19	5	54
812	22	31	204
813	9	22	199
814	14	23	44
815	17	26	291
816	24	33	58
817	23	32	201
818	8	25	35
819	8	24	60
820	12	24	201
821	12	24	40
822	18	26	117
823	7	25	35
824	9	27	37
825	14	30	70
826	6	23	33
827	9	26	36
828	8	21	114
829	18	27	118
830	9	27	37
831	6	24	33
832	12	27	63
833	7	23	33
834	21	30	40
835	20	6	124
836	5	22	32
837	27	12	44
838	6	19	29
839	7	20	31
840	4	22	32
841	8	24	61
842	14	23	191
843	27	13	129
844	15	31	41
845	10	28	38
846	6	18	109
847	5	23	33
848	13	29	38
849	12	25	58
850	13	26	36
851	7	20	195
852	10	28	38
853	10	22	112
854	5	19	32
855	9	25	35
856	11	28	61
857	7	23	33
858	6	19	62
859	12	25	34
860	13	27	201
861	13	22	40
862	10	27	37
863	11	28	70
864	10	27	36
865	20	29	202
866	9	21	200
867	11	23	33
868	6	22	32
869	12	30	63
870	16	25	195
871	10	27	37
872	6	18	109
873	7	24	34
874	7	24	34
875	7	19	109
876	9	21	36
877	13	28	201
878	9	26	36
879	14	31	41
880	10	28	69
881	9	27	37
882	6	23	32
883	8	20	110
884	11	28	38
885	13	30	40
886	6	19	60
887	8	25	35
888	7	20	200
889	11	27	37
890	6	23	56
891	13	22	191
892	5	17	193
893	13	30	40
894	5	17	27
895	12	30	40
896	16	25	35
897	25	34	59
898	7	19	194
899	6	19	29
900	14	27	202
901	12	30	39
902	7	24	33
903	6	24	66
904	12	26	43
905	10	22	32
906	13	22	117
907	9	27	36
908	5	18	62
909	11	29	38
910	7	21	196
911	7	25	35
912	10	23	62
913	9	22	199
914	11	27	37
915	8	22	191
916	13	29	39
917	11	24	200
918	11	28	38
919	14	23	114
920	9	26	36
921	10	28	38
922	7	19	113
923	9	23	35
924	9	22	33
925	13	25	204
926	7	24	34
927	22	31	204
928	10	27	37
929	9	25	62
930	12	29	39
931	14	26	116
932	10	23	33
933	6	23	33
934	10	27	69
935	24	10	52
936	8	21	31
937	23	9	41
938	8	25	35
939	14	23	195
940	25	11	127
941	11	29	38
942	12	27	199
943	10	22	34
944	13	30	40
945	13	26	120
946	5	19	33
947	11	29	38
948	6	19	62
949	7	19	30
950	19	28	202
951	12	31	41
952	5	22	32
953	23	32	127
954	11	28	38
955	19	5	37
956	9	22	33
957	9	26	36
958	13	22	115
959	8	24	34
960	11	24	33
961	11	25	112
962	9	27	37
963	20	29	202
964	10	23	38
965	6	23	32
966	10	27	69
967	10	28	38
968	7	20	30
969	8	20	192
970	11	23	33
971	13	27	68
972	7	24	34
973	13	25	36
974	4	22	31
975	12	28	68
976	10	26	36
977	8	24	33
978	12	25	112
979	8	26	35
980	6	20	110
981	10	22	37
982	8	20	197
983	11	28	38
984	11	29	39
985	11	23	65
986	11	28	38
987	6	23	32
988	13	26	68
989	11	23	34
990	7	19	30
991	12	30	40
992	5	22	64
993	13	29	39
994	11	25	198
995	14	23	48
996	25	34	209
997	11	28	38
998	11	30	39
999	8	25	68
