

Reaction test
type	A+B+C
number	1000

max value	65536
unit	us

test	A	B	C
0	7	35	22
1	30	20	7
2	20	29	11
3	8	23	33
4	26	35	17
5	19	10	28
6	21	32	12
7	19	30	10
8	39	13	29
9	22	42	8
10	5	26	40
11	30	20	10
12	33	23	10
13	20	11	29
14	22	31	12
15	29	20	10
16	10	33	19
17	40	11	27
18	13	22	87
19	34	23	13
20	12	21	31
21	33	24	12
22	20	30	6
23	28	12	43
24	22	12	30
25	35	26	17
26	10	19	29
27	7	36	20
28	11	30	20
29	22	31	12
30	13	32	22
31	8	37	21
32	26	12	36
33	16	25	35
34	7	33	22
35	35	26	16
36	31	21	12
37	39	8	23
38	11	20	30
39	7	37	22
40	40	24	9
41	6	30	19
42	42	26	6
43	42	28	7
44	6	23	34
45	9	21	33
46	11	20	30
47	21	12	30
48	5	37	19
49	28	8	18
50	23	34	7
51	36	27	17
52	5	33	19
53	7	21	38
54	21	31	6
55	8	30	45
56	31	22	12
57	27	91	18
58	33	21	11
59	35	21	12
60	12	21	31
61	26	17	89
62	9	27	17
63	12	31	21
64	17	26	36
65	14	23	33
66	7	38	22
67	5	20	34
68	19	30	10
69	28	9	18
70	34	25	16
71	20	33	6
72	25	38	5
73	7	36	20
74	30	5	19
75	29	20	11
76	11	20	35
77	21	36	7
78	35	24	9
79	9	40	22
80	11	30	20
81	34	19	5
82	37	10	24
83	6	18	30
84	39	25	6
85	20	29	11
86	11	20	29
87	34	5	21
88	7	45	25
89	7	28	45
90	29	10	19
91	15	23	33
92	11	19	33
93	9	18	32
94	12	21	36
95	7	32	22
96	34	24	12
97	18	9	27
98	21	30	12
99	34	21	11
100	10	19	28
101	40	12	29
102	28	8	18
103	20	11	29
104	37	21	9
105	9	18	27
106	8	36	22
107	27	12	38
108	14	23	33
109	20	6	29
110	11	20	32
111	13	37	22
112	42	11	27
113	24	33	15
114	11	30	20
115	35	22	8
116	27	18	40
117	37	25	8
118	32	21	9
119	30	11	20
120	24	41	10
121	34	24	10
122	9	28	18
123	34	25	15
124	30	10	20
125	46	30	7
126	30	11	21
127	7	22	37
128	8	38	24
129	30	12	45
130	12	31	21
131	10	29	19
132	11	31	20
133	19	39	6
134	46	30	11
135	13	22	32
136	15	24	34
137	19	10	28
138	12	21	34
139	10	19	29
140	10	19	34
141	32	19	9
142	24	33	6
143	36	22	13
144	34	5	21
145	23	42	10
146	14	23	33
147	10	19	28
148	10	25	36
149	6	31	21
150	21	11	30
151	22	7	38
152	38	6	23
153	13	22	32
154	23	44	6
155	28	19	10
156	20	5	32
157	39	14	28
158	25	45	7
159	29	20	10
160	22	33	10
161	5	32	18
162	21	33	12
163	10	19	31
164	28	9	18
165	7	22	34
166	21	11	30
167	10	19	32
168	21	11	30
169	20	29	11
170	9	22	33
171	10	19	33
172	40	29	9
173	22	7	36
174	8	42	24
175	23	90	14
176	35	10	25
177	20	11	29
178	23	36	14
179	10	19	29
180	7	35	25
181	22	31	13
182	10	31	19
183	20	35	10
184	7	35	24
185	29	10	19
186	5	17	27
187	5	33	46
188	44	12	29
189	29	20	10
190	37	21	7
191	35	26	16
192	20	29	11
193	36	25	7
194	33	24	14
195	33	23	14
196	21	32	11
197	22	12	31
198	11	30	20
199	31	21	12
200	8	36	22
201	11	32	20
202	12	31	21
203	40	23	8
204	19	10	28
205	10	19	34
206	8	39	25
207	9	39	28
208	20	29	10
209	22	6	38
210	8	22	38
211	135	14	23
212	8	41	21
213	38	23	7
214	20	29	10
215	21	30	11
216	9	35	18
217	20	36	6
218	35	25	16
219	10	29	19
220	20	36	5
221	21	38	9
222	30	5	19
223	29	19	9
224	9	40	23
225	19	33	8
226	8	31	17
227	21	37	7
228	6	41	22
229	48	13	29
230	10	19	29
231	5	40	20
232	5	27	43
233	17	26	36
234	11	20	30
235	40	28	7
236	38	8	26
237	16	25	37
238	25	36	8
239	33	23	14
240	6	22	32
241	19	38	28
242	19	9	28
243	7	30	19
244	6	42	22
245	11	32	20
246	36	24	9
247	39	12	27
248	9	36	24
249	11	20	30
250	9	28	18
251	24	7	39
252	20	29	10
253	10	19	28
254	10	29	19
255	30	19	10
256	30	11	20
257	8	30	42
258	11	20	33
259	39	25	8
260	20	29	11
261	21	35	12
262	13	22	32
263	21	36	8
264	11	30	20
265	13	22	32
266	10	19	34
267	7	42	22
268	22	8	33
269	7	29	40
270	7	38	22
271	34	25	16
272	9	35	18
273	20	6	31
274	9	18	29
275	36	27	17
276	23	34	8
277	11	30	20
278	10	30	19
279	15	24	34
280	12	21	33
281	21	11	32
282	20	7	32
283	8	28	38
284	5	37	24
285	34	23	14
286	26	42	11
287	9	27	43
288	22	32	8
289	28	12	40
290	29	10	19
291	31	22	13
292	9	37	26
293	21	12	30
294	7	31	21
295	32	12	21
296	31	12	22
297	5	23	36
298	5	28	43
299	12	21	33
300	14	32	22
301	21	30	11
302	19	28	10
303	19	28	10
304	11	32	20
305	34	25	15
306	34	25	15
307	7	36	21
308	8	27	44
309	11	20	34
310	9	30	46
311	20	6	30
312	12	21	31
313	21	12	30
314	43	27	9
315	39	9	23
316	34	15	24
317	33	22	12
318	40	14	29
319	24	9	37
320	40	9	24
321	28	19	10
322	9	18	31
323	33	24	14
324	12	21	35
325	38	7	22
326	21	31	11
327	34	18	6
328	9	28	18
329	27	10	40
330	19	5	30
331	20	36	10
332	23	37	8
333	7	34	20
334	23	39	10
335	13	22	36
336	17	26	39
337	10	29	19
338	7	35	23
339	24	38	9
340	10	30	19
341	24	8	39
342	19	35	6
343	18	27	9
344	12	38	21
345	20	11	29
346	23	33	13
347	11	30	20
348	11	20	31
349	20	29	11
350	21	32	12
351	37	10	25
352	10	19	31
353	11	32	20
354	6	19	34
355	11	31	20
356	27	11	40
357	22	33	7
358	11	37	20
359	33	20	11
360	8	27	17
361	21	41	8
362	11	33	20
363	21	32	11
364	21	30	12
365	21	42	7
366	7	40	20
367	39	27	6
368	18	35	6
369	38	26	7
370	33	24	14
371	32	13	22
372	7	36	20
373	4	42	22
374	10	32	19
375	24	35	8
376	27	12	39
377	8	33	23
378	26	43	10
379	31	19	10
380	26	35	10
381	30	19	9
382	7	39	24
383	28	18	6
384	10	19	29
385	5	32	20
386	21	31	11
387	35	21	12
388	14	23	33
389	46	14	30
390	20	37	11
391	34	5	21
392	5	27	38
393	6	27	43
394	11	20	30
395	27	13	38
396	11	20	30
397	22	39	9
398	10	29	19
399	12	21	31
400	47	30	9
401	7	20	32
402	21	30	11
403	22	31	13
404	31	19	8
405	12	31	21
406	21	42	9
407	12	32	21
408	33	24	14
409	6	27	44
410	19	36	6
411	36	23	13
412	29	20	11
413	33	24	15
414	21	7	39
415	36	8	23
416	10	19	30
417	10	19	29
418	21	33	12
419	18	5	31
420	236	224	5
421	18	9	29
422	9	22	35
423	18	9	28
424	36	10	25
425	32	17	5
426	29	10	19
427	30	20	10
428	30	10	20
429	8	17	27
430	34	22	6
431	33	5	23
432	30	20	11
433	33	20	11
434	34	25	15
435	31	22	13
436	32	23	13
437	18	35	7
438	26	35	16
439	26	42	9
440	39	22	6
441	8	23	34
442	29	20	10
443	22	38	6
444	33	24	14
445	36	26	16
446	14	23	33
447	8	29	45
448	12	32	21
449	38	10	26
450	21	12	30
451	15	24	34
452	16	25	36
453	11	30	20
454	22	35	13
455	22	12	88
456	18	33	7
457	6	36	18
458	9	42	21
459	18	27	9
460	23	39	7
461	10	31	19
462	9	39	25
463	20	29	11
464	22	38	13
465	9	23	34
466	10	29	19
467	28	43	9
468	10	29	19
469	44	28	9
470	10	31	19
471	28	13	44
472	7	31	19
473	20	29	10
474	24	9	39
475	7	40	23
476	11	20	30
477	45	29	9
478	19	34	7
479	26	46	10
480	19	10	28
481	19	36	7
482	10	39	19
483	21	36	12
484	11	30	20
485	21	12	30
486	6	35	24
487	6	25	40
488	10	29	19
489	38	22	13
490	32	21	6
491	19	28	10
492	30	21	12
493	12	33	21
494	39	13	29
495	9	39	26
496	9	34	22
497	9	39	24
498	21	12	30
499	9	39	24
500	21	12	30
501	24	9	39
502	39	9	23
503	21	41	6
504	31	22	13
505	19	10	28
506	12	31	21
507	23	38	8
508	40	26	8
509	30	19	9
510	384	4	397
511	10	19	32
512	34	9	24
513	33	20	11
514	6	38	23
515	31	21	12
516	32	23	13
517	31	11	21
518	19	10	28
519	37	8	25
520	31	11	21
521	25	34	16
522	32	20	11
523	9	22	35
524	45	30	9
525	32	22	13
526	24	9	40
527	21	11	30
528	9	29	46
529	15	24	34
530	7	28	43
531	38	7	22
532	36	27	17
533	22	42	8
534	21	38	7
535	15	24	34
536	22	31	12
537	12	21	34
538	22	31	12
539	39	24	10
540	34	23	13
541	21	30	11
542	22	31	12
543	24	88	15
544	33	23	7
545	28	9	18
546	40	26	7
547	18	8	27
548	30	14	45
549	31	21	12
550	23	32	13
551	6	36	23
552	22	6	33
553	19	28	10
554	20	33	11
555	6	30	47
556	13	22	33
557	25	45	10
558	37	11	27
559	26	11	40
560	18	8	27
561	15	24	33
562	12	21	31
563	11	23	33
564	35	5	19
565	22	37	5
566	6	29	45
567	12	21	34
568	22	36	7
569	31	22	12
570	19	31	10
571	38	23	9
572	32	19	10
573	6	39	20
574	34	7	23
575	30	20	11
576	23	34	9
577	21	30	12
578	8	22	34
579	31	21	12
580	10	19	30
581	5	38	28
582	29	14	40
583	20	6	37
584	16	25	35
585	6	29	45
586	15	24	38
587	30	11	20
588	33	24	14
589	21	35	7
590	13	36	22
591	8	33	22
592	18	29	9
593	18	27	9
594	6	26	40
595	12	22	36
596	15	24	34
597	20	11	29
598	6	26	38
599	35	20	10
600	29	19	10
601	35	6	23
602	35	25	16
603	22	9	32
604	28	47	11
605	39	23	5
606	8	22	37
607	23	11	37
608	34	9	24
609	9	18	28
610	8	23	33
611	12	21	35
612	22	33	12
613	10	30	19
614	32	23	14
615	28	9	18
616	5	30	47
617	28	19	9
618	21	6	35
619	10	19	34
620	9	30	18
621	42	31	10
622	29	19	10
623	32	21	8
624	28	9	19
625	33	20	10
626	12	21	31
627	15	24	34
628	7	22	40
629	20	11	32
630	14	23	34
631	8	37	23
632	13	22	36
633	10	19	33
634	9	18	28
635	7	35	21
636	30	20	11
637	21	36	11
638	44	30	8
639	30	11	20
640	9	18	31
641	30	14	42
642	21	37	7
643	42	9	26
644	11	30	20
645	45	31	10
646	42	28	7
647	24	33	9
648	19	10	28
649	5	33	17
650	12	33	21
651	28	8	18
652	24	40	8
653	19	31	6
654	36	22	13
655	35	22	13
656	29	10	19
657	29	20	11
658	10	24	36
659	40	10	26
660	31	12	21
661	31	22	13
662	20	11	29
663	37	20	7
664	7	31	21
665	21	30	11
666	41	24	9
667	10	30	19
668	9	28	18
669	28	17	6
670	39	27	9
671	28	9	18
672	11	34	20
673	20	29	10
674	15	24	34
675	19	10	28
676	16	25	35
677	6	31	41
678	38	26	17
679	11	31	20
680	11	34	20
681	10	19	34
682	31	22	13
683	22	36	9
684	18	29	9
685	11	32	20
686	37	19	6
687	7	32	22
688	32	20	10
689	22	38	9
690	10	29	19
691	150	131	9
692	9	27	37
693	7	20	32
694	10	19	30
695	35	20	10
696	28	19	9
697	13	22	31
698	11	20	30
699	28	12	41
700	23	40	6
701	12	21	30
702	9	18	30
703	5	31	18
704	12	33	21
705	7	36	20
706	19	31	9
707	29	19	10
708	21	30	12
709	44	34	9
710	7	23	40
711	13	22	32
712	47	29	7
713	30	11	20
714	8	35	21
715	18	29	7
716	19	27	9
717	6	20	31
718	24	10	35
719	26	14	39
720	19	10	28
721	30	21	12
722	36	22	12
723	31	22	12
724	27	8	17
725	35	22	9
726	28	13	44
727	18	9	27
728	37	12	27
729	28	19	10
730	24	8	38
731	11	20	29
732	21	12	30
733	31	21	12
734	34	25	15
735	34	25	16
736	20	10	31
737	39	13	29
738	43	30	9
739	23	6	36
740	33	19	6
741	19	8	34
742	8	20	36
743	7	35	20
744	37	26	17
745	32	23	12
746	35	22	12
747	27	9	39
748	36	26	17
749	32	21	12
750	28	19	10
751	31	21	12
752	30	21	11
753	29	19	10
754	5	36	17
755	10	30	19
756	10	29	19
757	31	9	21
758	43	13	28
759	38	10	26
760	25	34	15
761	28	9	18
762	37	18	50
763	12	31	21
764	44	29	7
765	39	12	24
766	22	34	8
767	11	20	34
768	32	22	12
769	28	9	18
770	29	19	10
771	20	11	29
772	36	22	13
773	26	46	9
774	10	19	34
775	6	18	34
776	34	25	15
777	11	31	20
778	6	29	40
779	23	37	7
780	22	12	34
781	40	11	29
782	44	30	9
783	8	38	24
784	9	41	21
785	40	28	7
786	37	6	20
787	30	11	21
788	35	26	16
789	35	22	12
790	5	21	31
791	6	37	22
792	44	14	30
793	8	43	24
794	10	19	36
795	8	29	45
796	16	4	29
797	20	11	29
798	21	12	30
799	13	22	36
800	8	39	25
801	6	29	18
802	32	20	5
803	24	39	9
804	36	23	10
805	36	19	10
806	35	23	14
807	30	9	18
808	23	37	10
809	11	30	20
810	11	33	20
811	10	30	19
812	41	27	8
813	11	32	20
814	11	33	20
815	18	34	7
816	9	28	18
817	8	31	47
818	12	21	35
819	14	23	33
820	11	30	20
821	31	11	21
822	39	22	9
823	33	22	13
824	27	14	38
825	21	12	30
826	22	35	6
827	7	19	34
828	17	26	93
829	21	30	11
830	36	27	17
831	7	23	33
832	10	29	19
833	34	24	15
834	35	26	16
835	29	9	19
836	28	19	9
837	31	12	21
838	11	20	33
839	7	22	38
840	11	30	20
841	20	29	11
842	19	29	10
843	9	28	18
844	9	29	18
845	9	29	18
846	29	10	19
847	34	8	23
848	25	11	40
849	9	63	81
850	33	24	14
851	30	11	20
852	36	9	24
853	28	19	10
854	33	22	7
855	20	29	11
856	29	19	10
857	54	21	12
858	29	10	19
859	22	33	8
860	45	28	7
861	20	36	6
862	31	21	11
863	22	32	12
864	9	18	28
865	38	26	17
866	29	9	19
867	20	29	11
868	22	31	13
869	10	19	29
870	16	25	38
871	21	5	36
872	16	25	35
873	38	26	8
874	38	29	6
875	8	36	22
876	33	23	13
877	26	40	9
878	30	10	20
879	11	31	20
880	6	21	34
881	15	24	34
882	19	10	28
883	34	17	6
884	35	7	20
885	25	12	38
886	32	22	12
887	10	32	19
888	38	7	23
889	45	30	10
890	31	9	18
891	35	20	10
892	30	21	11
893	11	30	20
894	12	21	34
895	36	10	24
896	35	21	12
897	6	24	40
898	19	28	10
899	11	31	20
900	10	28	18
901	30	21	11
902	10	29	40
903	32	19	10
904	35	26	16
905	6	20	33
906	22	31	12
907	14	22	32
908	21	31	11
909	20	34	10
910	32	11	21
911	41	11	26
912	33	22	13
913	9	18	31
914	15	25	41
915	27	12	40
916	8	31	20
917	38	5	22
918	27	42	10
919	37	23	6
920	5	16	26
921	8	17	28
922	9	18	33
923	31	11	21
924	5	34	24
925	12	21	35
926	36	20	6
927	31	10	19
928	34	24	13
929	8	42	23
930	20	30	10
931	38	22	9
932	20	29	10
933	8	24	41
934	9	29	18
935	10	19	29
936	28	94	19
937	28	9	18
938	32	19	10
939	35	25	9
940	34	21	11
941	17	26	35
942	21	40	10
943	32	19	9
944	8	23	37
945	32	19	10
946	38	26	6
947	29	9	19
948	32	22	13
949	31	10	20
950	9	29	18
951	13	21	31
952	39	22	7
953	30	10	20
954	35	22	13
955	34	23	13
956	24	10	36
957	22	32	13
958	16	25	89
959	20	29	11
960	9	29	18
961	23	37	7
962	30	19	10
963	23	32	7
964	36	22	13
965	6	33	18
966	31	7	21
967	32	19	10
968	35	22	8
969	20	36	8
970	31	10	21
971	6	38	22
972	8	41	24
973	18	9	27
974	31	19	10
975	24	40	9
976	19	33	5
977	9	31	46
978	37	23	13
979	32	12	22
980	29	10	19
981	32	23	13
982	35	26	16
983	6	32	21
984	30	10	20
985	20	11	29
986	29	10	19
987	19	32	7
988	12	21	33
989	33	23	6
990	20	36	10
991	11	20	30
992	20	11	29
993	36	22	12
994	9	18	28
995	25	9	38
996	48	32	8
997	29	10	19
998	24	45	9
999	10	19	31
