

Reaction test
type	A+B+C
number	1000

max value	65536
unit	us

test	A	B	C
0	8	35	25
1	5587	5576	5605
2	19	9	28
3	4079	4070	4060
4	8	29	19
5	17	6	26
6	36	8	26
7	5	15	25
8	1265	1237	1228
9	3	31	12
10	7646	7	7636
11	1295	1304	1285
12	17	6	27
13	17	6	26
14	18	6	27
15	36	8	26
16	7356	7332	7346
17	17	6	26
18	19	8	28
19	33	5	23
20	4406	4385	4396
21	1555	1535	1545
22	29	8	19
23	5	26	16
24	3	9970	9998
25	33	5	14
26	5	15	25
27	36	8	26
28	5	15	25
29	29	7	19
30	4	1101	1074
31	17	7	26
32	3490	3501	3511
33	1136	1109	1100
34	29	7	19
35	3	12	31
36	581	572	562
37	3	3174	3146
38	17	6	27
39	5	16	26
40	36	8	26
41	26	5	16
42	7	28	18
43	7	28	18
44	1090	1080	1099
45	960	949	970
46	15	24	5
47	18	27	8
48	29	8	19
49	3	9798	9834
50	18	27	8
51	33	5	23
52	5	15	25
53	1740	1759	1749
54	3	1807	1768
55	19	8	28
56	16	25	6
57	37	9	18
58	3	11176	11139
59	7	24	34
60	6046	6064	6036
61	29	8	19
62	3	31	12
63	7	24	34
64	2416	2407	2396
65	18	27	8
66	2223	2172	2182
67	2775	2796	2786
68	29	7	19
69	3	2833	2814
70	16	24	5
71	5	24	14
72	27	18	8
73	3	6900	6890
74	720	740	730
75	12077	12096	12086
76	8	28	19
77	17	7	26
78	6028	5991	6000
79	25	16	5
80	25	15	6
81	12267	12245	12276
82	6263	6289	6245
83	12087	12096	12106
84	5	16	25
85	5389	5415	5425
86	8	29	19
87	3	22	12
88	3482	3473	3463
89	7669	7687	7696
90	6	16	26
91	15	24	5
92	5	22	32
93	16	25	7
94	7	24	34
95	7940	7961	7951
96	16	5	25
97	2640	2612	2621
98	16	25	6
99	2885	2894	2875
100	9450	9467	9477
101	18	27	8
102	6	25	15
103	3	31	12
104	28	7	18
105	3	10056	10090
106	7228	7237	7247
107	6	16	26
108	16	25	6
109	6241	6250	6259
110	7571	7597	7606
111	8	18	28
112	6206	6225	6215
113	9378	9406	9387
114	5	25	15
115	10255	10274	10264
116	5	27	17
117	5	23	33
118	34	5	24
119	8	26	35
120	15	24	5
121	6055	6065	6075
122	18	27	9
123	27	6	17
124	2409	2389	2399
125	198	209	219
126	15	24	5
127	6	25	35
128	8	18	28
129	3	30	12
130	27	6	17
131	3	31	12
132	29	7	19
133	8	19	29
134	3857	3846	3876
135	6886	6906	6897
136	7181	7208	7198
137	5919	5938	5928
138	9977	9996	9986
139	3928	3947	3937
140	5885	5912	5902
141	16	5	25
142	2870	2825	2852
143	26	17	7
144	11068	11059	11049
145	18	27	8
146	36	8	26
147	3	35	12
148	17	26	7
149	5	22	32
150	1221	1248	1238
151	6	27	17
152	17	6	26
153	15	5	24
154	24	15	5
155	3	6840	6786
156	10284	10244	10256
157	19	28	8
158	8	26	36
159	27	17	7
160	6	27	17
161	37	9	18
162	6	27	17
163	6	27	17
164	9530	9551	9541
165	7644	7635	7625
166	11484	11493	11502
167	9	19	29
168	27	17	8
169	25	16	6
170	9719	9710	9700
171	10976	10967	10957
172	17	26	6
173	6450	6422	6413
174	7192	7211	7201
175	5981	6008	5999
176	15	4	24
177	11262	11235	11225
178	4835	4854	4844
179	27	18	8
180	3	12	31
181	7	17	27
182	6	25	15
183	18	27	9
184	36	8	26
185	26	6	16
186	3	21	12
187	4445	4436	4426
188	18	27	8
189	26	5	16
190	3	4541	4514
191	16	25	6
192	8129	8102	8093
193	7	17	27
194	20	29	9
195	7454	7427	7414
196	8	29	19
197	18	8	28
198	3	7822	7785
199	15	4	24
200	8	36	26
201	16	6	25
202	35	7	16
203	4	15	25
204	6	16	26
205	18	27	8
206	16	25	7
207	26	5	16
208	3	30	12
209	27	6	17
210	3	4305	4342
211	11156	11165	11175
212	11866	11884	11893
213	1363	1380	1390
214	9867	9876	9895
215	17	26	7
216	3	3142	3178
217	1426	1444	1462
218	11843	11822	11833
219	16	6	25
220	4301	4272	4282
221	17	26	8
222	3	2996	3032
223	766	776	786
224	17	26	7
225	5718	5691	5681
226	4662	4680	4652
227	18	8	27
228	25	16	6
229	6681	6690	6699
230	19	8	28
231	37	9	18
232	3	12	31
233	7114	7085	7094
234	4740	4757	4730
235	15155	15174	15164
236	9518	9545	9536
237	9	26	36
238	4	2454	2409
239	6004	5974	5985
240	996	1006	1016
241	2312	2333	2323
242	5858	5876	5886
243	4	32	22
244	14017	14044	14054
245	13693	13712	13702
246	29	8	19
247	10175	10184	10156
248	6	16	26
249	33	5	23
250	3	5831	5803
251	18	27	8
252	3	31061	34354
253	7424	7451	7441
254	10996	11024	11005
255	8	29	19
256	17	6	26
257	37	9	18
258	7	28	18
259	16	6	25
260	5	32	23
261	7	28	18
262	5283	5304	5294
263	955	975	965
264	6	27	17
265	10591	10610	10600
266	6	27	18
267	16	6	25
268	215	237	227
269	7	16	26
270	11988	12016	11997
271	7	28	18
272	2786	2777	2767
273	8527	8518	8508
274	12104	12113	12094
275	4894	4913	4903
276	19	8	28
277	8966	8938	8947
278	4	15	5243
279	8041	8050	8031
280	5582	5571	5591
281	16	6	26
282	8117	8107	8126
283	25	16	6
284	3	12	30
285	3816	3788	3779
286	6	27	17
287	3	2179	2216
288	16	5	26
289	3	12	21
290	7821	7802	7811
291	6	27	17
292	8	29	19
293	33	5	15
294	6	25	16
295	3	31	12
296	5	15	34
297	1619	1609	1628
298	2265	2275	2284
299	18	27	8
300	27	17	7
301	6	26	17
302	17	6	26
303	8	35	25
304	1433	1423	1442
305	4264	4273	4254
306	11017	11026	11008
307	12978	12987	12997
308	8	20	29
309	61	8	50
310	25	4	15
311	6496	6505	6515
312	1312	1322	1332
313	6	17	26
314	3	31	12
315	19	8	27
316	8876	8839	8849
317	17	26	7
318	9010	9019	9000
319	16	25	6
320	17	26	8
321	28	8	18
322	3	12	30
323	5917	5907	5926
324	3713	3723	3733
325	16	25	6
326	6	25	15
327	5	17	27
328	8898	8923	8933
329	1110	1120	1130
330	123	133	143
331	16	24	6
332	30	8	20
333	4	31	12
334	18	27	8
335	28	7	18
336	3	31	12
337	28	7	18
338	4	3177	3149
339	25	6	15
340	3	31	12
341	8	26	36
342	11291	11263	11281
343	18	8	28
344	34	6	15
345	8492	8483	8473
346	1116	1126	1136
347	1431	1442	1451
348	19	28	8
349	3132	3118	3151
350	15	4	25
351	11579	11553	11588
352	18	8	27
353	2523	2494	2504
354	7897	7906	7924
355	6880	6908	6898
356	5	22	32
357	3	6454	6409
358	8646	8674	8655
359	15	5	24
360	2534	2505	2515
361	9202	9174	9183
362	17	26	7
363	9961	9934	9924
364	5547	5574	5556
365	6630	6649	6639
366	5153	5181	5171
367	56	8	46
368	7354	7333	7344
369	1941	1968	1958
370	18	8	28
371	27	18	8
372	10119	10110	10101
373	24	15	5
374	7267	7258	7248
375	18	27	8
376	8	25	35
377	5	16	26
378	3	7999	7971
379	17	26	7
380	17	7	26
381	34	6	24
382	4	12	31
383	31	21	9
384	8	36	26
385	18	8	27
386	27	17	8
387	3	4474	4501
388	26	17	7
389	3	12	31
390	3601	3572	3582
391	6	27	17
392	3	7581	7609
393	6	26	16
394	3	12	30
395	7	35	25
396	9750	9722	9731
397	10636	10603	10617
398	8955	8964	8946
399	7	28	18
400	17	6	26
401	37	9	18
402	3	12	30
403	17	27	7
404	3	12	21
405	28	7	18
406	3	31	12
407	28	8	18
408	3	3146	3127
409	16	25	7
410	665	638	629
411	8	29	19
412	26	5	16
413	9565	9544	9555
414	2827	2848	2838
415	9893	9912	9902
416	442	464	454
417	8353	8379	8388
418	1969	1978	1959
419	19	9	28
420	9887	9877	9896
421	5837	5846	5826
422	306	319	328
423	5934	5943	5952
424	5	15	25
425	5	15	25
426	3	30	12
427	6124	6115	6141
428	17	26	7
429	3209	3182	3173
430	24	5	15
431	5	25	15
432	33	5	14
433	8	29	19
434	6	27	17
435	28	6	18
436	3	12	22
437	7	28	18
438	25	7	16
439	9039	9029	9020
440	12138	12129	12119
441	7	17	8405
442	17	6	36
443	8665	8636	8647
444	17	6	26
445	18	8	27
446	5	33	23
447	16	6	25
448	1467	1430	1439
449	5108	5118	5128
450	6	16	26
451	16	24	5
452	3915	3894	3905
453	16	6	25
454	8420	8390	8381
455	2345	2366	2356
456	3910	3929	3919
457	7	28	18
458	17	7	26
459	5	32	22
460	8	8107	18
461	8762	8753	8771
462	3677	3696	3686
463	16	6	25
464	7	16	26
465	27	18	8
466	8	29	19
467	6584	6575	6564
468	3244	3263	3272
469	16	25	6
470	25	16	6
471	5	26	16
472	36	8	17
473	7	17	27
474	35	7	25
475	4	31	12
476	7	27	17
477	36	8	17
478	3	3306	3270
479	7	27	18
480	15	5	24
481	3	1319	1283
482	15	5	24
483	34	6	24
484	3	31	12
485	35	7	16
486	5	15	25
487	16	25	6
488	3661	3683	3673
489	357	319	329
490	7	28	18
491	3327	3298	3308
492	15	24	6
493	3	5124	5161
494	17	26	7
495	6	25	15
496	10572	10552	10562
497	2140	2159	2149
498	6	26	16
499	16	5	25
500	25	15	6
501	8	19	28
502	5005	5015	5025
503	16	25	6
504	3	8400	8437
505	27	6	17
506	5	23	33
507	6	16	26
508	1988	1961	1952
509	430	453	443
510	18	7	27
511	20	8	29
512	19	28	9
513	3	35	71
514	11757	11766	11785
515	18	27	8
516	35	7	25
517	7	17	27
518	2242	2211	2202
519	17	7	26
520	8014	7985	7994
521	9695	9713	9723
522	6234	6243	6252
523	16	25	6
524	28	8	19
525	6	16	26
526	4	31	12
527	27	7	17
528	7	28	18
529	3	4357	4382
530	5962	5973	6144
531	27	17	8
532	3	12	31
533	17	26	7
534	17	7	26
535	27	18	7
536	4	2147	2111
537	15	4	24
538	26	17	7
539	3	22	12
540	9077	9067	9058
541	17	26	8
542	33	5	14
543	8	29	19
544	3	12	22
545	3	3066	3076
546	16	25	6
547	4319	4308	4328
548	17	7	27
549	27	18	8
550	3	7745	7709
551	8457	8476	8466
552	26	5	16
553	5	15	25
554	3113	3086	3077
555	19	8	28
556	26	7	17
557	3	7491	7518
558	16	6	25
559	3	7656	7619
560	6	26	16
561	16	5	26
562	11040	11003	11012
563	6250	6267	6286
564	11417	11426	11436
565	7	18	27
566	244	254	264
567	16	25	6
568	8	26	36
569	3081	3098	3067
570	7541	7522	7550
571	7437	7446	7465
572	1005	1022	1032
573	17	26	7
574	34	6	24
575	7	18	27
576	10991	11008	11018
577	17	26	7
578	15	23	5
579	6	23	33
580	18	27	8
581	10883	10892	10873
582	8	19	28
583	8	18	28
584	2255	2227	2218
585	16	6	26
586	1892	1854	1864
587	8587	8578	8568
588	7018	7035	7045
589	20	8	30
590	6	34	24
591	18	7	27
592	5373	5322	5334
593	27	17	8
594	6	34	24
595	37	9	18
596	3	30	12
597	6	24	34
598	3	3850	3814
599	2512	2494	2521
600	15	4	24
601	25	15	5
602	6	27	17
603	7322	7294	7303
604	6	17	26
605	7442	7459	7469
606	18	27	8
607	6	23	33
608	35	7	25
609	5	23	33
610	3	616	588
611	2694	2712	2722
612	4755	4767	4776
613	6955	6972	6982
614	5	16	26
615	2098	2089	2079
616	27	6	17
617	6	18	27
618	3	6083	6073
619	9438	9466	9447
620	6	27	18
621	5879	5850	5860
622	3686	3695	3676
623	26	5	16
624	8	25	35
625	35	7	25
626	6	26	16
627	11235	11225	11253
628	18	7	27
629	9048	9020	9029
630	17	26	6
631	19	28	8
632	15	24	6
633	7	25	35
634	35	7	25
635	884	894	904
636	17	26	7
637	25	4	15
638	3	5200	5210
639	5987	5997	6007
640	27	18	8
641	8096	8078	8068
642	15	24	5
643	3	1822	1858
644	18	27	9
645	3	7541	7578
646	15	24	6
647	6973	6946	6936
648	16	5	25
649	17	26	7
650	28	6	18
651	3	12	39
652	18	27	9
653	3	6759	6806
654	2970	2988	2958
655	2031	2020	2040
656	10514	10533	10523
657	3311	3330	3320
658	7	18	28
659	3	3199	3163
660	28	7	18
661	6	16	26
662	858	831	822
663	29	8	19
664	5	16	26
665	35	7	25
666	3849	3858	3836
667	4285	4294	4274
668	8	19	29
669	35	7	25
670	7	19	28
671	18	27	7
672	3661	3670	3650
673	2836	2845	2825
674	27	5	17
675	3	3093	3111
676	8	35	25
677	22544	22531	22562
678	36	8	17
679	5	15	25
680	8476	8502	8512
681	20	30	6
682	34	45	55
683	18	27	8
684	28	7	18
685	8	19	29
686	26	16	6
687	27	18	8
688	5	26	16
689	36	8	17
690	3	12	30
691	35	7	16
692	3	12	30
693	47	56	6
694	17664	17651	17673
695	21	31	8
696	21	7	31
697	21	8	30
698	1272	1281	1291
699	2255	2234	2245
700	17	25	6
701	7	24	34
702	8	35	25
703	19	8	28
704	16	5	25
705	949	939	958
706	334	343	323
707	27	6	17
708	8	18	28
709	16	25	6
710	17	26	7
711	7	24	34
712	22	31	12
713	18	27	8
714	16	25	7
715	19	28	8
716	3	4721	4758
717	11327	11336	11345
718	17	26	7
719	18	27	8
720	25	5	15
721	3	4609	4645
722	29	19	9
723	9	40	29
724	3	4793	4756
725	1656	1628	1637
726	386	408	398
727	225	211	234
728	2586	2595	2575
729	10352	10361	10342
730	7	24	34
731	3	11987	12006
732	5354	5327	5317
733	5	15	25
734	3	2536	2555
735	6	17	26
736	3	7233	7242
737	18	27	8
738	19	28	9
739	28	7	18
740	3	4141	4176
741	19	28	9
742	287	259	268
743	7	28	18
744	3	10536	10572
745	26	17	7
746	7072	7063	7053
747	7	28	18
748	4	1675	1656
749	34	6	15
750	3	31	12
751	28	7	18
752	5	15	25
753	33	5	23
754	6	17	27
755	7	35	25
756	8	26	35
757	18	27	8
758	3	2021	2057
759	19	27	9
760	18	27	8
761	26	5	16
762	19	8	28
763	6	33	23
764	19	8	32
765	27	18	8
766	3	30	12
767	845	854	835
768	6	27	17
769	3	6125	6153
770	3793	3784	3773
771	28	18	8
772	6	27	17
773	3	485	522
774	5400	5411	5420
775	6391	6381	6400
776	19	28	9
777	5326	5343	5315
778	19	8	28
779	1090	1071	1080
780	7822	7841	7831
781	7914	7895	7923
782	17	6	26
783	35	7	16
784	3	12	31
785	4739	4729	4748
786	7	17	27
787	16	25	6
788	4602	4581	4592
789	1478	1488	1498
790	8	29	19
791	16	5	25
792	327	317	337
793	24	15	5
794	3	12	30
795	2608	2599	2589
796	6511	6501	6530
797	3054	3033	3044
798	17	5	26
799	9513	9475	9494
800	252	241	261
801	17	26	6
802	18	27	7
803	16	5	25
804	54	16	26
805	26	16	6
806	3	1185	1175
807	35	7	16
808	7	28	18
809	27	18	7
810	3	6604	6632
811	5	32	22
812	3	4913	4948
813	7	34	24
814	11448	11439	11429
815	6	16	26
816	4	31	12
817	6337	6309	6318
818	6	17	27
819	25	16	6
820	8	19	29
821	3	12	31
822	11858	11877	11867
823	17	7	26
824	19	8	28
825	7	28	18
826	2316	2295	2306
827	28	7	18
828	27	6	17
829	3	31	12
830	10032	10021	10041
831	3954	3927	3963
832	811	820	801
833	453	464	474
834	17	26	7
835	6	24	34
836	35	7	25
837	8	25	35
838	26	16	6
839	14223	3	30
840	28	7	18
841	7	25	34
842	7	18	28
843	3	2935	2907
844	1090	1080	1108
845	797	806	787
846	9523	9502	9513
847	3585	3576	3566
848	4	15	25
849	25	16	6
850	8	29	19
851	17	7	27
852	6	34	24
853	8	26	35
854	4201	4210	4191
855	28	6	18
856	3	40	12
857	11965	11984	11974
858	9828	9856	9837
859	26	17	7
860	3	12	30
861	5522	5511	5530
862	6406	6415	6396
863	16	25	6
864	34	6	24
865	3	6014	6032
866	16	25	6
867	25	15	5
868	5	26	16
869	35	7	16
870	3	31	12
871	4	22	32
872	7	35	25
873	505	495	514
874	34	6	24
875	3	12	30
876	27	6	17
877	5	15	25
878	16	25	5
879	2755	2764	2745
880	28	6	18
881	6	16	26
882	1998	1970	1961
883	3	31	12
884	11222	11239	11211
885	18	27	8
886	19	28	8
887	9184	9193	9202
888	16	25	6
889	12082	12101	12091
890	786	807	797
891	26	17	6
892	12242	12233	12223
893	1282	1293	1302
894	16	25	7
895	9025	9042	9052
896	8110	8119	8091
897	9820	9839	9810
898	25	16	5
899	6	26	16
900	36	8	18
901	3	2758	2768
902	28	19	8
903	7	18	27
904	7	18	28
905	10978	10968	10987
906	17	7	26
907	4237	4209	4227
908	27	6	17
909	29	8	19
910	11235	11214	11225
911	6813	6822	6803
912	4610	4629	4619
913	5	25	15
914	4491	4500	4510
915	20	8	32
916	416	387	397
917	24	15	5
918	18	7	27
919	2585	2575	2594
920	3858	3837	3848
921	6286	6275	6295
922	6798	6807	6788
923	7234	7215	7205
924	7905	7895	7885
925	4455	4443	4432
926	25	15	6
927	4	12	31
928	33	5	15
929	3	10310	10300
930	7346	7337	7327
931	9271	9250	9261
932	5	4485	17
933	3	3597	3615
934	18	8	28
935	17	7	27
936	24	15	5
937	8	36	26
938	5	22	32
939	3	1137	1100
940	18	8	27
941	19	8	28
942	15	5	24
943	24	15	5
944	8	29	19
945	29	8	19
946	973	945	954
947	15	24	6
948	17	6	26
949	18	27	8
950	29	8	19
951	4	6254	6282
952	17	6	26
953	19	8	28
954	15	5	25
955	4629	4619	4648
956	8616	8605	8625
957	2886	2866	2894
958	27	5	17
959	34	6	15
960	3932	3953	3943
961	7	28	18
962	17	6	26
963	35	7	17
964	17	26	7
965	28	8	18
966	5	15	25
967	35	7	25
968	6	23	33
969	160	169	150
970	10752	10762	10772
971	7100	7128	7109
972	3504	3523	3513
973	2207	2197	2226
974	17	26	7
975	26	5	16
976	27	6	17
977	2359	2350	2339
978	25	16	6
979	8365	8342	8353
980	17	5	26
981	3702	3692	3711
982	27	5	17
983	3	1368	1358
984	18	7167	8
985	5982	5936	5945
986	17	26	7
987	12153	12144	12134
988	19	9	28
989	6	27	17
990	6	27	17
991	4342	4314	4323
992	2913	2902	2931
993	16	25	6
994	3309	3288	3299
995	16	7	25
996	17	26	6
997	3	4102	4139
998	16	25	5
999	12418	12445	12435
