

Reaction test
type	A+B+C
number	1000

max value	65536
unit	us

test	A	B	C
0	91	9	100
1	89	16	6
2	31	51	41
3	66	87	77
4	79	100	90
5	82	102	93
6	37	58	48
7	84	105	95
8	75	95	86
9	16	37	27
10	77	98	88
11	95	116	106
12	87	107	97
13	11	32	22
14	20	41	31
15	89	16	6
16	30	51	41
17	21	42	32
18	28	48	38
19	94	115	105
20	19	40	30
21	65	85	76
22	66	87	77
23	24	44	34
24	94	122	109
25	27	48	38
26	95	116	106
27	43	64	54
28	51	72	62
29	25	45	35
30	82	6	91
31	7	28	18
32	89	16	6
33	82	102	93
34	18	39	29
35	24	45	35
36	68	89	79
37	17	38	28
38	32	53	43
39	43	63	53
40	56	77	67
41	73	93	83
42	68	89	79
43	40	61	51
44	63	84	75
45	35	56	46
46	52	73	63
47	93	113	103
48	68	88	79
49	56	76	66
50	78	98	88
51	51	72	62
52	83	94	103
53	87	108	98
54	34	55	45
55	50	71	61
56	5	26	16
57	44	64	54
58	35	56	46
59	82	103	93
60	30	50	40
61	86	107	97
62	90	100	110
63	66	87	77
64	7	28	18
65	18	39	29
66	94	9	85
67	53	74	64
68	44	64	54
69	28	49	39
70	67	88	78
71	20	42	32
72	27	49	39
73	85	106	96
74	7	29	19
75	31	51	41
76	38	59	49
77	51	71	61
78	95	119	109
79	10	31	21
80	24	45	35
81	26	47	37
82	59	80	70
83	54	75	65
84	88	16	6
85	13	34	24
86	33	53	43
87	8	29	19
88	55	76	66
89	24	45	35
90	43	64	54
91	74	95	85
92	42	62	53
93	47	68	58
94	62	83	73
95	69	90	80
96	70	91	81
97	29	50	40
98	93	7	84
99	27	48	38
100	52	72	62
101	12	33	23
102	48	69	59
103	95	115	106
104	16	37	27
105	27	48	38
106	92	113	103
107	91	19	9
108	80	15	5
109	77	97	87
110	25	45	35
111	15	36	26
112	69	90	80
113	37	58	48
114	40	60	51
115	19	41	31
116	11	32	22
117	59	80	70
118	51	72	62
119	89	17	7
120	86	107	97
121	53	76	66
122	84	9	93
123	38	59	49
124	47	68	58
125	95	116	106
126	52	72	63
127	52	73	63
128	30	53	43
129	15	35	25
130	65	86	76
131	56	76	66
132	51	72	62
133	44	65	55
134	60	81	71
135	18	39	29
136	42	63	53
137	91	112	102
138	77	98	88
139	41	61	51
140	81	6	90
141	92	113	103
142	53	73	64
143	56	77	67
144	92	113	103
145	25	45	35
146	57	78	68
147	25	45	35
148	47	68	58
149	41	62	52
150	94	115	105
151	14	35	25
152	28	49	39
153	61	82	72
154	17	38	28
155	69	90	80
156	51	72	62
157	23	45	35
158	80	101	91
159	72	93	83
160	57	77	67
161	26	46	36
162	12	33	23
163	47	68	58
164	66	86	76
165	25	45	36
166	82	103	93
167	52	73	63
168	33	52	42
169	54	75	65
170	40	61	51
171	82	103	93
172	90	110	100
173	18	39	29
174	38	59	49
175	34	54	44
176	89	16	7
177	62	83	73
178	45	66	56
179	88	108	98
180	67	88	78
181	89	110	100
182	6	27	17
183	10	31	21
184	73	93	83
185	70	91	81
186	33	53	43
187	6	27	17
188	56	76	67
189	6	27	17
190	33	53	43
191	82	102	92
192	94	115	105
193	87	108	98
194	68	89	79
195	68	89	79
196	93	21	11
197	15	36	26
198	90	110	100
199	100	6	110
200	59	79	69
201	16	36	26
202	15	36	26
203	91	19	9
204	45	65	55
205	37	58	48
206	41	62	52
207	52	72	63
208	46	67	57
209	36	57	47
210	75	95	85
211	25	46	36
212	8	29	19
213	92	20	10
214	49	70	60
215	89	17	7
216	82	17	7
217	84	8	93
218	45	64	54
219	89	110	100
220	91	19	9
221	18	39	29
222	8	29	19
223	78	97	87
224	71	91	81
225	34	55	45
226	96	117	107
227	37	58	48
228	77	98	89
229	23	44	34
230	46	66	56
231	33	53	43
232	40	61	51
233	50	71	62
234	34	44	54
235	73	94	84
236	70	89	79
237	34	55	45
238	46	67	57
239	29	89	79
240	78	97	87
241	52	72	62
242	10	31	21
243	12	33	23
244	33	54	44
245	72	93	83
246	81	102	92
247	80	101	91
248	57	78	68
249	85	111	101
250	27	47	37
251	9	30	20
252	89	110	100
253	82	103	93
254	14	35	25
255	42	62	52
256	10	31	21
257	63	83	74
258	91	18	8
259	89	17	7
260	37	57	48
261	32	52	42
262	61	83	73
263	46	67	57
264	56	77	67
265	73	94	84
266	37	58	48
267	91	112	102
268	85	106	96
269	24	45	35
270	30	51	41
271	50	71	61
272	26	47	37
273	63	83	73
274	8	28	18
275	30	51	41
276	27	48	38
277	94	115	105
278	66	87	77
279	57	77	67
280	83	104	94
281	62	83	73
282	63	84	74
283	33	54	44
284	89	109	99
285	36	57	47
286	23	44	34
287	38	59	49
288	8	29	19
289	73	94	84
290	13	34	24
291	91	112	102
292	7	28	18
293	93	21	11
294	6	27	17
295	105	9	117
296	35	55	45
297	79	100	90
298	93	114	104
299	39	59	49
300	55	76	66
301	42	63	53
302	89	110	100
303	40	59	49
304	91	19	9
305	63	84	74
306	80	5	90
307	16	37	27
308	78	99	89
309	32	53	43
310	56	77	67
311	67	88	78
312	34	53	43
313	82	102	92
314	42	63	53
315	52	73	63
316	63	84	74
317	21	41	31
318	40	61	51
319	50	60	70
320	75	96	86
321	23	43	33
322	71	92	82
323	17	37	27
324	64	85	75
325	92	19	10
326	93	113	103
327	92	8	101
328	56	77	67
329	55	75	65
330	68	89	79
331	11	31	21
332	94	114	104
333	33	54	44
334	56	77	67
335	65	86	76
336	39	60	50
337	84	9	94
338	82	103	93
339	24	45	35
340	82	103	93
341	61	82	72
342	14	35	25
343	52	73	63
344	19	40	30
345	92	113	103
346	60	81	71
347	17	38	28
348	26	47	37
349	25	46	36
350	6	26	16
351	90	110	100
352	11	31	21
353	39	59	49
354	25	45	36
355	33	54	44
356	43	64	54
357	66	87	77
358	22	43	33
359	59	80	70
360	92	112	102
361	84	105	95
362	61	82	72
363	33	54	44
364	90	18	7
365	96	117	107
366	39	60	50
367	27	49	39
368	79	100	90
369	53	73	63
370	25	51	41
371	20	41	31
372	92	112	102
373	90	110	100
374	36	57	47
375	78	98	88
376	90	111	101
377	79	100	90
378	79	100	90
379	57	78	68
380	84	105	95
381	91	5	81
382	18	39	29
383	331	309	321
384	59	80	70
385	25	46	36
386	89	110	100
387	71	92	82
388	84	19	9
389	21	42	32
390	20	41	31
391	91	18	8
392	84	105	95
393	30	51	41
394	91	112	102
395	39	60	50
396	113	134	124
397	105	16	7
398	62	83	73
399	14	35	25
400	66	86	76
401	27	48	38
402	30	51	41
403	14	34	24
404	93	114	104
405	59	80	70
406	38	59	49
407	40	61	51
408	95	116	107
409	39	60	50
410	38	59	49
411	32	53	43
412	15	36	26
413	91	112	102
414	22	42	32
415	16	37	27
416	85	20	10
417	60	81	71
418	16	37	27
419	40	60	50
420	7	27	18
421	53	73	63
422	96	116	107
423	82	6	91
424	68	88	79
425	67	88	78
426	15	36	26
427	37	58	48
428	5	26	16
429	125	147	137
430	70	91	81
431	18	39	29
432	24	44	34
433	89	110	100
434	71	92	82
435	68	89	79
436	56	77	67
437	26	47	37
438	30	51	41
439	92	113	103
440	64	85	75
441	62	82	72
442	80	101	91
443	69	90	80
444	35	54	45
445	14	35	25
446	82	7	92
447	79	99	89
448	47	67	58
449	35	56	46
450	30	50	41
451	87	108	98
452	38	59	49
453	52	73	63
454	67	88	78
455	24	44	34
456	84	9	94
457	16	40	30
458	21	42	32
459	35	56	46
460	90	18	8
461	72	83	93
462	77	98	88
463	30	50	40
464	61	82	72
465	88	109	99
466	41	62	52
467	56	76	66
468	7	28	18
469	71	95	85
470	45	64	54
471	11	21	31
472	94	115	105
473	13	35	25
474	46	67	57
475	32	52	42
476	52	72	63
477	82	7	92
478	89	110	100
479	22	43	33
480	12	32	22
481	21	41	31
482	54	75	65
483	10	31	21
484	21	42	32
485	41	62	52
486	84	105	95
487	80	4	89
488	63	84	74
489	94	115	105
490	95	115	105
491	88	16	6
492	56	76	66
493	92	20	10
494	19	40	30
495	40	61	51
496	49	70	60
497	70	90	80
498	87	15	5
499	10	31	21
500	85	105	95
501	47	68	58
502	23	43	33
503	19	40	30
504	78	99	89
505	9	19	29
506	78	99	89
507	66	87	77
508	10	31	21
509	42	62	53
510	92	112	102
511	26	47	37
512	11	32	22
513	7	26	16
514	88	109	99
515	85	9	94
516	6	26	16
517	82	103	93
518	55	76	66
519	15	36	26
520	9	30	20
521	72	92	82
522	54	76	66
523	792	814	804
524	91	112	102
525	56	77	67
526	44	65	55
527	66	87	77
528	44	65	55
529	64	85	75
530	23	44	34
531	89	16	6
532	93	21	11
533	82	103	93
534	71	90	80
535	20	41	31
536	33	54	44
537	92	112	102
538	66	86	76
539	86	107	97
540	22	43	33
541	76	95	85
542	65	56	45
543	2873	2886	2895
544	87	109	99
545	13	34	24
546	84	19	9
547	5	26	16
548	16	36	26
549	74	95	85
550	63	84	74
551	44	65	55
552	67	88	78
553	66	87	77
554	50	71	61
555	28	49	39
556	13	33	24
557	95	116	106
558	95	116	106
559	81	16	6
560	91	111	102
561	19	39	29
562	42	63	53
563	71	92	82
564	70	91	81
565	850	873	863
566	38	60	50
567	90	111	101
568	80	101	91
569	40	61	51
570	54	75	65
571	19	40	30
572	20	41	31
573	83	8	92
574	31	51	41
575	47	68	58
576	66	87	77
577	26	47	37
578	58	78	68
579	35	56	46
580	64	85	75
581	51	72	62
582	84	105	95
583	78	99	89
584	22	43	33
585	38	59	49
586	65	86	76
587	72	93	83
588	54	75	65
589	6622	6636	6646
590	28	49	39
591	42	63	53
592	56	77	67
593	67	88	78
594	68	89	79
595	60	81	71
596	69	90	80
597	44	65	55
598	21	42	32
599	66	86	76
600	68	89	79
601	16	37	27
602	24	44	35
603	26	47	37
604	81	5	90
605	73	94	84
606	39	60	50
607	40	61	51
608	28	49	40
609	92	20	10
610	4813	4804	4792
611	70	91	81
612	36	57	47
613	34	54	44
614	23	44	34
615	61	82	72
616	52	73	63
617	64	89	79
618	60	81	71
619	77	98	88
620	79	99	89
621	11	32	22
622	31	52	42
623	84	105	95
624	53	63	73
625	38	59	49
626	65	86	76
627	55	76	66
628	88	109	99
629	92	113	103
630	14	35	25
631	79	100	90
632	27	48	38
633	3739	3716	3729
634	19	40	30
635	71	92	82
636	71	92	82
637	18	39	29
638	64	85	75
639	6	27	17
640	26	46	36
641	95	116	106
642	19	40	30
643	27	47	37
644	74	95	85
645	76	97	87
646	36	56	46
647	81	6	91
648	89	17	7
649	5	26	16
650	58	78	68
651	24	45	35
652	11	32	22
653	8	29	19
654	23	12	32
655	19	39	29
656	78	99	89
657	77	98	88
658	53	74	64
659	32	53	43
660	24	45	35
661	90	111	101
662	32	53	43
663	81	5	90
664	90	18	8
665	70	91	81
666	6	27	17
667	83	8	93
668	50	71	61
669	93	114	104
670	9	30	20
671	73	94	84
672	9	30	20
673	56	77	67
674	46	67	57
675	33	54	44
676	89	109	99
677	7589	7612	7602
678	89	17	6
679	88	108	98
680	89	109	99
681	67	88	78
682	82	6	91
683	70	91	81
684	66	87	77
685	18	39	29
686	94	114	104
687	27	48	38
688	90	18	7
689	66	87	77
690	65	85	76
691	40	62	52
692	48	69	59
693	46	67	57
694	92	20	10
695	15	36	26
696	1371	1393	1384
697	16	5	25
698	108	86	98
699	74	65	54
700	74	65	55
701	15	5	24
702	79	58	69
703	105	84	95
704	66	45	56
705	68	58	49
706	75	65	85
707	14	35	25
708	115	94	105
709	63	54	44
710	32	43	53
711	59	49	69
712	43	64	54
713	89	16	6
714	16	37	27
715	78	99	89
716	26	46	36
717	9	30	20
718	9	21	30
719	64	85	75
720	19	40	30
721	94	115	105
722	90	18	8
723	94	115	105
724	77	98	88
725	8	29	19
726	95	115	106
727	35	56	46
728	64	85	75
729	61	82	72
730	27	47	37
731	62	83	73
732	88	16	6
733	21	42	32
734	68	89	79
735	37	59	49
736	64	85	75
737	81	5	90
738	43	64	54
739	26	46	37
740	10	21	31
741	75	96	86
742	86	106	96
743	43	64	54
744	47	68	58
745	12	32	23
746	51	71	61
747	96	117	107
748	51	72	62
749	77	98	88
750	428	450	440
751	25	45	35
752	60	81	71
753	40	61	51
754	39	60	50
755	46	67	57
756	35	56	46
757	54	75	65
758	18	85	8
759	13	34	24
760	77	98	88
761	63	84	74
762	5	26	16
763	70	91	81
764	75	97	87
765	82	102	92
766	52	73	63
767	62	82	72
768	88	16	6
769	59	79	69
770	34	55	45
771	83	17	8
772	29	49	39
773	21	42	32
774	68	89	79
775	36	57	47
776	47	68	58
777	58	79	69
778	49	70	60
779	55	76	66
780	41	62	52
781	59	70	80
782	67	88	78
783	5	26	16
784	91	112	102
785	19	8	29
786	89	17	6
787	66	86	76
788	23	44	34
789	13	33	23
790	87	108	98
791	42	65	55
792	30	9	20
793	66	87	77
794	31	52	42
795	45	65	55
796	81	101	91
797	60	81	71
798	91	111	101
799	94	115	105
800	27	47	37
801	7	27	17
802	91	19	9
803	7	28	18
804	24	45	35
805	66	86	76
806	68	89	79
807	348	372	361
808	41	62	52
809	43	64	54
810	80	4	89
811	28	48	38
812	53	73	63
813	23	44	34
814	70	91	81
815	19	40	30
816	86	106	96
817	76	97	87
818	48	69	59
819	89	17	7
820	80	90	100
821	96	117	107
822	91	111	101
823	73	93	83
824	44	65	55
825	94	115	105
826	68	89	79
827	92	113	103
828	30	52	42
829	41	62	52
830	16	25	6
831	16	38	28
832	54	75	65
833	32	53	43
834	78	99	89
835	82	103	93
836	39	60	50
837	59	80	70
838	94	114	104
839	90	111	101
840	62	83	73
841	111	132	122
842	92	113	103
843	79	100	90
844	47	68	58
845	92	20	10
846	91	112	102
847	8	28	19
848	34	54	44
849	18	39	29
850	34	54	45
851	47	68	58
852	36	56	46
853	53	73	64
854	105	17	7
855	52	72	62
856	88	109	99
857	2231	2241	2218
858	3673	3649	3663
859	28	49	39
860	11	32	22
861	21	41	31
862	39	50	60
863	65	85	75
864	23	43	33
865	7	28	18
866	90	111	101
867	20	40	30
868	82	6	91
869	94	115	105
870	90	110	100
871	9	29	19
872	64	85	75
873	53	74	64
874	84	8	93
875	80	101	91
876	384	406	396
877	4562	4585	4575
878	47	68	58
879	9	29	19
880	51	72	62
881	42	63	53
882	69	90	80
883	60	81	71
884	82	7	91
885	6	27	17
886	92	7	83
887	27	47	37
888	63	84	74
889	80	101	91
890	30	51	41
891	73	93	83
892	81	102	92
893	64	85	75
894	73	93	84
895	80	101	91
896	31	52	42
897	8573	8595	8585
898	5331	5348	5318
899	14	35	25
900	43	63	53
901	33	54	44
902	34	55	45
903	37	58	48
904	93	114	104
905	52	73	63
906	68	89	79
907	35	56	46
908	35	55	45
909	61	83	73
910	91	19	9
911	74	95	85
912	89	110	100
913	37	58	48
914	46	67	57
915	13	34	24
916	88	16	6
917	87	15	5
918	72	93	83
919	14774	14810	14792
920	8	30	20
921	99	90	80
922	57	47	66
923	56	47	37
924	27	36	17
925	104	113	94
926	38	29	47
927	49	40	30
928	38	17	28
929	75	86	96
930	93	84	74
931	99	89	108
932	10	21	30
933	50	41	31
934	32	53	44
935	27	48	38
936	40	61	51
937	50	71	61
938	22	43	33
939	71	115	105
940	13142	13114	13103
941	6	28	18
942	57	79	69
943	68	47	58
944	37	27	47
945	62	83	73
946	6	86	76
947	32	22	12
948	71	80	61
949	35	56	46
950	31	52	42
951	93	114	104
952	8	29	19
953	16	37	27
954	28	49	39
955	85	106	96
956	91	18	8
957	89	110	101
958	80	5	89
959	38	59	49
960	38	59	49
961	67	88	78
962	42	63	53
963	81	102	92
964	6810	6819	6798
965	378	355	368
966	85	106	96
967	59	80	70
968	8	29	19
969	91	112	102
970	5	26	16
971	67	88	78
972	55	76	66
973	63	84	74
974	35	56	46
975	34	54	44
976	63	83	73
977	56	77	67
978	82	103	93
979	50	71	61
980	10	31	21
981	76	97	87
982	26	47	37
983	7176	7186	7164
984	1343	1330	1352
985	85	105	96
986	82	91	7
987	27	48	38
988	71	92	82
989	90	111	101
990	33	54	44
991	32	52	42
992	94	115	105
993	50	71	61
994	41	62	52
995	49	70	60
996	40	60	50
997	60	80	70
998	83	104	94
999	89	16	6
