

Reaction test
type	A+B+C
number	1000

max value	65536
unit	us

test	A	B	C
0	31	48	58
1	758	769	778
2	821	831	841
3	203	213	223
4	751	762	772
5	855	865	875
6	356	367	377
7	677	687	697
8	514	524	534
9	723	733	743
10	687	697	707
11	281	291	301
12	506	516	526
13	451	461	471
14	979	989	999
15	83	93	103
16	392	402	412
17	308	318	328
18	87	97	107
19	49	59	69
20	944	955	965
21	872	882	892
22	697	707	717
23	242	252	262
24	227	237	247
25	346	357	367
26	469	480	490
27	180	191	201
28	56	66	76
29	579	589	599
30	1026	6	17
31	230	240	250
32	330	340	350
33	273	284	293
34	87	97	107
35	33	46	59
36	832	843	853
37	604	615	624
38	716	726	736
39	762	773	783
40	942	952	962
41	523	534	543
42	450	460	470
43	292	303	313
44	168	179	189
45	178	188	198
46	567	577	587
47	978	988	998
48	567	577	587
49	522	533	542
50	577	587	597
51	330	340	350
52	133	144	154
53	895	905	915
54	647	657	667
55	716	726	736
56	37	47	57
57	141	151	161
58	819	829	839
59	650	661	670
60	618	628	638
61	580	590	600
62	659	670	679
63	648	658	668
64	541	551	561
65	267	277	287
66	748	758	768
67	115	125	135
68	405	415	425
69	653	664	673
70	128	138	148
71	852	863	873
72	163	174	184
73	840	850	860
74	196	207	217
75	152	162	172
76	421	431	441
77	251	262	272
78	336	346	356
79	853	864	873
80	803	813	823
81	389	400	410
82	455	466	475
83	769	779	789
84	4078	4089	4099
85	49	60	70
86	5169	5180	5190
87	58	68	78
88	882	893	903
89	1539	1550	1560
90	899	909	919
91	122	132	142
92	3018	3029	3039
93	384	395	405
94	179	189	199
95	264	274	284
96	860	871	880
97	773	784	794
98	366	376	386
99	639	649	659
100	463	473	483
101	74	85	95
102	297	307	317
103	364	375	384
104	487	504	519
105	369	380	389
106	577	588	598
107	969	979	989
108	142	153	163
109	201	211	221
110	891	902	912
111	377	388	398
112	1013	1023	1033
113	640	650	660
114	193	214	204
115	645	656	666
116	743	753	763
117	982	993	1003
118	341	352	361
119	305	316	326
120	273	284	294
121	524	534	544
122	993	1004	1013
123	725	735	745
124	23	33	43
125	646	656	666
126	929	939	949
127	1009	1020	1029
128	794	805	815
129	971	982	991
130	1007	1018	1028
131	814	824	834
132	20	31	40
133	799	810	820
134	790	800	810
135	905	916	926
136	123	133	143
137	673	684	693
138	74	85	94
139	233	244	254
140	685	696	706
141	721	731	741
142	546	557	566
143	82	92	102
144	156	166	176
145	642	652	662
146	198	208	218
147	455	465	475
148	384	394	404
149	562	573	582
150	1000	1011	1020
151	1000	1010	1020
152	340	351	360
153	1000	1010	1020
154	1027	10	21
155	169	179	188
156	559	569	579
157	141	151	161
158	353	363	373
159	77	87	97
160	796	806	816
161	399	409	418
162	84	94	104
163	319	332	342
164	817	827	837
165	317	328	338
166	930	940	950
167	289	300	309
168	832	843	852
169	89	99	109
170	747	757	767
171	126	136	146
172	652	662	672
173	1001	1011	1021
174	451	461	471
175	33	44	53
176	299	309	319
177	191	201	211
178	203	214	223
179	840	850	860
180	370	380	390
181	110	120	129
182	5926	5939	5949
183	745	755	765
184	440	451	460
185	1241	1253	1262
186	2057	2068	2078
187	428	439	449
188	649	660	669
189	620	631	640
190	689	700	710
191	154	164	174
192	289	300	310
193	661	672	682
194	133	143	153
195	518	528	538
196	82	92	102
197	560	570	580
198	696	706	716
199	444	454	464
200	384	394	404
201	456	466	476
202	757	767	777
203	484	494	504
204	589	599	609
205	1018	1028	6
206	813	824	833
207	867	877	887
208	910	921	930
209	409	420	429
210	538	549	559
211	374	384	394
212	377	387	397
213	726	736	746
214	924	934	944
215	75	85	95
216	765	776	786
217	268	278	288
218	559	569	579
219	29	40	49
220	676	686	696
221	79	89	99
222	507	517	527
223	925	935	945
224	380	391	400
225	722	732	742
226	134	145	154
227	160	170	180
228	652	662	672
229	930	940	950
230	673	683	693
231	881	891	901
232	680	690	700
233	858	868	877
234	583	593	603
235	172	182	192
236	645	655	665
237	936	947	956
238	214	224	234
239	661	672	682
240	48	58	68
241	137	147	157
242	454	464	474
243	753	763	773
244	225	236	246
245	695	705	715
246	454	464	473
247	120	130	140
248	690	700	710
249	932	942	952
250	175	186	196
251	892	903	913
252	150	160	170
253	96	112	125
254	980	991	1000
255	846	856	866
256	444	454	464
257	697	707	717
258	708	718	727
259	563	574	583
260	153	164	173
261	315	325	335
262	709	719	729
263	742	752	762
264	1023	1033	10
265	139	149	159
266	387	397	407
267	631	641	651
268	607	618	628
269	944	954	963
270	171	181	191
271	244	254	264
272	155	165	174
273	877	887	897
274	496	507	517
275	945	955	965
276	471	481	491
277	239	250	260
278	897	907	917
279	966	977	986
280	922	933	942
281	759	769	779
282	856	866	876
283	374	384	394
284	638	648	658
285	170	180	190
286	646	656	666
287	906	916	926
288	150	160	170
289	324	334	344
290	227	237	247
291	283	293	302
292	1005	1016	1026
293	1006	1017	1027
294	758	769	779
295	13	23	33
296	141	151	161
297	852	862	872
298	312	322	332
299	948	958	967
300	829	840	850
301	642	653	662
302	944	954	964
303	188	198	208
304	601	611	621
305	330	340	350
306	419	429	439
307	526	537	546
308	623	634	643
309	321	332	342
310	819	830	839
311	58	68	78
312	155	166	175
313	538	548	558
314	119	130	139
315	312	322	332
316	616	626	636
317	32	42	52
318	215	225	235
319	672	683	692
320	512	522	532
321	286	296	306
322	180	190	200
323	240	250	260
324	622	632	642
325	731	741	751
326	106	116	126
327	151	161	171
328	987	997	1006
329	22	32	42
330	281	292	302
331	513	523	533
332	925	936	946
333	871	881	891
334	986	996	1005
335	380	390	400
336	410	420	430
337	493	504	514
338	186	196	206
339	515	525	535
340	847	858	867
341	670	681	691
342	72	82	92
343	300	310	320
344	844	854	864
345	390	400	410
346	908	919	928
347	50	60	70
348	143	154	164
349	609	620	630
350	326	336	345
351	362	372	382
352	245	255	265
353	429	439	449
354	529	539	549
355	759	769	779
356	303	314	324
357	217	227	237
358	53	64	73
359	927	947	937
360	254	264	274
361	966	976	986
362	684	694	704
363	436	446	456
364	743	753	763
365	784	794	804
366	240	250	260
367	324	334	343
368	430	440	450
369	95	108	117
370	641	651	661
371	362	372	382
372	435	445	454
373	428	438	448
374	207	217	227
375	428	438	448
376	619	629	639
377	779	790	799
378	374	384	394
379	630	640	649
380	545	555	565
381	743	754	763
382	723	733	743
383	517	527	537
384	267	277	287
385	234	244	254
386	603	614	624
387	254	265	275
388	833	843	853
389	129	139	149
390	299	309	318
391	959	969	979
392	469	480	490
393	215	225	235
394	454	465	474
395	866	876	886
396	991	1001	1011
397	155	165	175
398	845	855	865
399	234	244	254
400	558	569	579
401	1010	1020	1030
402	327	338	348
403	254	264	273
404	374	385	394
405	221	232	242
406	615	626	635
407	748	759	769
408	635	646	655
409	333	343	353
410	109	120	130
411	550	560	570
412	591	601	610
413	445	455	465
414	186	196	206
415	480	490	499
416	179	189	198
417	457	467	477
418	574	584	594
419	987	997	1007
420	275	286	296
421	807	817	827
422	751	761	771
423	549	560	570
424	119	129	139
425	166	177	186
426	393	404	414
427	321	332	341
428	669	679	689
429	386	396	406
430	437	447	457
431	31	42	51
432	890	901	911
433	405	416	425
434	620	630	640
435	943	953	963
436	22	32	42
437	119	129	139
438	704	714	724
439	954	964	974
440	335	345	355
441	257	267	277
442	863	873	883
443	836	856	846
444	535	546	555
445	342	353	363
446	1001	1012	1022
447	193	203	213
448	20	30	40
449	237	248	257
450	189	199	208
451	264	275	284
452	478	488	497
453	179	189	199
454	981	992	1002
455	834	844	854
456	329	340	350
457	917	928	937
458	632	642	652
459	351	361	371
460	193	203	213
461	406	416	425
462	650	661	670
463	877	887	897
464	841	851	861
465	933	943	953
466	360	370	380
467	949	959	969
468	174	185	195
469	667	677	687
470	366	376	386
471	236	246	256
472	873	883	893
473	893	903	913
474	22	32	42
475	80	90	99
476	352	362	372
477	299	309	318
478	673	683	693
479	874	884	894
480	752	762	772
481	251	262	272
482	384	394	403
483	808	818	828
484	174	184	194
485	891	901	911
486	185	195	205
487	995	1006	1016
488	877	887	897
489	459	470	480
490	410	420	430
491	439	449	459
492	210	220	230
493	988	999	1008
494	679	689	699
495	630	640	650
496	43	53	63
497	70	80	90
498	367	378	387
499	783	793	803
500	340	350	360
501	611	621	631
502	109	119	128
503	600	610	620
504	8	18	27
505	567	577	587
506	115	125	135
507	477	487	497
508	157	167	177
509	304	314	324
510	530	540	550
511	279	290	300
512	98	108	118
513	932	942	952
514	720	731	741
515	680	691	701
516	645	656	666
517	137	147	157
518	759	770	779
519	457	468	477
520	949	959	969
521	716	726	736
522	361	371	381
523	898	908	918
524	24	35	44
525	418	428	438
526	744	754	764
527	35	45	55
528	633	643	653
529	559	569	579
530	575	585	595
531	272	282	292
532	1013	1024	1034
533	92	102	112
534	6	27	17
535	96	106	115
536	998	1008	1018
537	533	543	553
538	606	616	626
539	525	535	545
540	370	381	390
541	742	752	762
542	356	367	376
543	703	713	723
544	116	127	136
545	800	810	820
546	264	274	284
547	137	148	157
548	275	285	295
549	770	780	790
550	561	571	581
551	328	338	348
552	573	583	593
553	889	900	910
554	129	139	149
555	147	157	167
556	10	20	30
557	950	960	970
558	311	321	331
559	318	328	338
560	969	979	989
561	430	440	450
562	9	20	29
563	583	593	603
564	770	780	789
565	258	268	278
566	361	371	381
567	665	675	685
568	156	166	176
569	388	400	409
570	503	513	523
571	83	93	103
572	341	351	360
573	224	234	244
574	483	493	503
575	929	939	949
576	382	393	402
577	905	916	926
578	748	758	768
579	663	673	683
580	208	218	228
581	666	676	686
582	990	1000	1010
583	702	713	722
584	893	904	913
585	395	406	416
586	159	170	179
587	501	511	521
588	248	259	269
589	124	134	144
590	314	324	334
591	442	452	462
592	228	238	248
593	540	550	560
594	491	501	511
595	129	139	149
596	497	518	508
597	345	355	365
598	206	216	226
599	537	547	556
600	720	730	740
601	813	824	833
602	878	888	898
603	253	263	273
604	64	74	84
605	107	117	127
606	991	1001	1010
607	543	553	563
608	351	361	371
609	915	926	936
610	680	691	700
611	796	806	815
612	464	474	483
613	228	239	248
614	51	61	71
615	457	468	477
616	105	115	125
617	236	246	256
618	735	745	755
619	449	460	469
620	960	970	979
621	933	943	953
622	128	139	148
623	103	117	131
624	344	354	364
625	709	719	729
626	534	545	554
627	254	265	275
628	161	171	181
629	1002	1013	1023
630	843	854	864
631	462	473	482
632	656	666	676
633	30	40	50
634	795	806	816
635	24	34	44
636	1027	9	20
637	660	670	680
638	307	317	327
639	540	550	560
640	113	123	133
641	386	396	406
642	382	392	402
643	173	183	193
644	393	403	413
645	675	685	695
646	27	37	47
647	729	740	750
648	891	901	911
649	740	753	763
650	643	654	663
651	604	615	625
652	957	967	977
653	580	590	600
654	477	487	497
655	754	764	774
656	287	297	307
657	1004	1014	1024
658	850	860	870
659	997	1008	1018
660	5	15	25
661	984	994	1004
662	415	425	435
663	209	219	229
664	661	671	681
665	206	216	226
666	380	390	399
667	137	147	157
668	237	247	257
669	523	534	544
670	162	172	182
671	420	431	440
672	801	811	821
673	620	631	641
674	783	794	804
675	594	604	614
676	451	461	471
677	915	925	935
678	703	713	723
679	775	785	795
680	95	105	115
681	703	714	723
682	182	193	202
683	877	887	897
684	1027	8	19
685	491	501	511
686	653	663	673
687	832	842	852
688	166	176	186
689	695	706	716
690	444	454	464
691	381	391	401
692	216	226	236
693	951	961	971
694	399	409	418
695	912	922	932
696	200	210	220
697	170	180	190
698	286	297	307
699	63	74	84
700	844	854	864
701	96	106	116
702	31	42	52
703	766	776	786
704	621	641	631
705	534	544	554
706	224	234	244
707	359	369	379
708	879	894	904
709	915	925	935
710	247	257	267
711	294	304	314
712	751	761	771
713	887	898	908
714	374	384	394
715	890	900	910
716	415	427	437
717	576	586	596
718	778	788	798
719	934	945	955
720	468	479	488
721	904	914	924
722	210	220	230
723	379	389	399
724	827	837	847
725	439	450	460
726	627	637	647
727	430	441	451
728	602	613	622
729	487	498	508
730	829	839	849
731	721	732	741
732	903	913	923
733	68	78	88
734	378	389	399
735	501	511	521
736	992	1003	1012
737	609	619	628
738	808	818	828
739	867	877	887
740	638	648	658
741	163	173	183
742	721	731	741
743	365	375	385
744	825	835	845
745	284	294	304
746	687	697	707
747	804	814	824
748	413	423	433
749	996	1006	1015
750	883	894	904
751	70	80	90
752	87	97	107
753	103	113	123
754	114	124	134
755	574	584	594
756	131	141	151
757	586	603	615
758	101	111	121
759	469	479	489
760	338	349	358
761	499	509	519
762	725	735	745
763	401	411	421
764	194	205	214
765	722	733	742
766	178	188	198
767	890	900	910
768	741	752	762
769	986	996	1006
770	565	575	585
771	740	750	760
772	256	266	276
773	540	552	562
774	93	103	113
775	924	934	944
776	551	561	571
777	116	126	136
778	124	134	144
779	290	300	310
780	781	791	801
781	235	245	255
782	335	345	355
783	198	211	225
784	462	472	482
785	410	420	430
786	445	455	465
787	297	307	317
788	639	649	659
789	641	651	661
790	557	567	577
791	934	944	954
792	865	876	885
793	34	44	54
794	161	172	182
795	358	370	379
796	176	186	196
797	174	184	194
798	707	722	735
799	182	192	202
800	306	316	326
801	159	169	179
802	404	415	425
803	907	917	927
804	95	105	115
805	490	500	510
806	605	615	625
807	655	665	675
808	631	642	651
809	123	133	143
810	926	936	946
811	761	771	781
812	639	649	659
813	159	170	179
814	425	435	445
815	131	142	152
816	947	957	967
817	148	158	168
818	698	709	718
819	60	70	80
820	616	627	636
821	376	386	396
822	426	437	447
823	318	329	338
824	512	522	532
825	77	87	97
826	144	155	165
827	204	215	224
828	433	443	453
829	798	808	818
830	180	191	200
831	189	200	209
832	702	712	722
833	150	160	170
834	834	845	854
835	72	83	93
836	55	65	75
837	304	314	324
838	77	87	97
839	394	404	414
840	998	1008	1018
841	91	101	111
842	98	108	118
843	51	61	71
844	623	633	642
845	946	956	966
846	38	48	58
847	278	288	298
848	910	920	930
849	722	733	742
850	826	837	846
851	983	993	1003
852	738	749	758
853	740	750	760
854	695	705	715
855	427	437	447
856	14	24	34
857	109	119	129
858	62	72	82
859	146	157	167
860	714	724	734
861	220	230	239
862	874	884	894
863	21	32	41
864	539	549	559
865	930	940	950
866	305	315	325
867	661	671	681
868	429	439	449
869	588	598	608
870	912	922	932
871	372	382	392
872	322	332	342
873	860	870	880
874	618	628	638
875	772	782	792
876	250	261	270
877	454	464	474
878	575	586	596
879	598	608	618
880	954	964	974
881	218	228	238
882	382	393	403
883	440	450	460
884	567	577	587
885	722	732	742
886	745	755	765
887	829	839	849
888	390	401	410
889	367	377	387
890	665	675	685
891	167	177	187
892	547	557	567
893	308	318	328
894	885	896	906
895	465	475	485
896	281	291	301
897	37	47	57
898	244	254	264
899	210	220	230
900	714	725	734
901	232	242	252
902	142	152	162
903	723	733	743
904	827	837	847
905	164	175	185
906	851	862	871
907	650	660	670
908	785	795	805
909	898	909	918
910	176	187	196
911	1010	1020	1030
912	397	407	417
913	568	578	588
914	461	471	481
915	900	911	921
916	1005	1015	1025
917	561	572	581
918	810	820	830
919	172	182	192
920	290	300	310
921	666	677	686
922	886	896	906
923	463	473	483
924	260	270	280
925	550	561	570
926	647	657	667
927	679	690	699
928	78	88	98
929	627	638	647
930	526	536	546
931	757	768	778
932	561	572	583
933	546	557	567
934	573	584	594
935	389	399	409
936	40	51	61
937	33	44	53
938	518	529	538
939	943	953	963
940	135	145	155
941	640	650	660
942	191	201	210
943	102	112	122
944	563	573	583
945	743	753	763
946	1010	1020	1030
947	120	131	141
948	58	68	78
949	496	506	516
950	44	55	64
951	68	78	88
952	105	115	125
953	349	360	369
954	45	56	66
955	455	465	475
956	1016	1026	1036
957	914	924	934
958	606	616	626
959	114	124	134
960	18	29	38
961	125	135	145
962	205	215	225
963	752	762	772
964	151	161	171
965	173	184	193
966	384	394	404
967	212	222	232
968	561	571	581
969	989	999	1009
970	761	772	782
971	35	45	55
972	59	69	79
973	391	401	411
974	577	589	598
975	509	519	529
976	917	928	938
977	574	584	594
978	502	512	522
979	226	237	246
980	332	342	352
981	994	1004	1014
982	821	842	832
983	899	909	918
984	881	892	902
985	606	616	626
986	327	337	347
987	448	458	468
988	553	563	573
989	762	772	782
990	1010	1020	1030
991	1001	1011	1021
992	402	413	423
993	359	369	379
994	653	663	673
995	140	150	160
996	836	846	856
997	349	359	369
998	255	265	275
999	567	577	587
