

Reaction test
type	A+B+C
number	1000

max value	65536
unit	us

test	A	B	C
0	667	691	703
1	1019	1008	995
2	888	911	901
3	352	363	340
4	288	298	308
5	810	796	821
6	464	493	483
7	529	518	505
8	998	1009	985
9	1009	996	1021
10	796	782	807
11	676	701	690
12	592	616	605
13	333	320	344
14	70	46	59
15	893	904	881
16	625	636	612
17	977	988	964
18	317	340	330
19	390	416	405
20	1008	1018	995
21	747	760	772
22	326	313	338
23	600	576	590
24	68	93	82
25	126	115	103
26	273	287	298
27	647	636	623
28	885	898	910
29	476	500	490
30	388	377	364
31	866	878	889
32	832	845	856
33	362	373	350
34	411	398	421
35	751	740	727
36	967	943	956
37	369	382	393
38	48	23	37
39	423	399	412
40	362	373	350
41	56	31	45
42	634	623	610
43	186	162	176
44	110	121	97
45	698	687	674
46	383	372	359
47	94	105	82
48	141	165	155
49	62	73	49
50	536	547	524
51	69	80	56
52	239	226	251
53	27	40	51
54	605	629	618
55	808	819	796
56	931	944	956
57	245	256	233
58	261	283	273
59	464	477	489
60	946	970	960
61	213	202	190
62	334	321	346
63	924	937	948
64	346	335	322
65	497	473	487
66	28	39	15
67	755	731	745
68	23	1025	10
69	773	749	762
70	721	734	745
71	76	65	53
72	685	709	699
73	859	872	883
74	564	577	589
75	988	1012	1001
76	687	698	674
77	375	386	363
78	960	971	947
79	923	914	903
80	446	435	421
81	785	774	761
82	89	65	78
83	56	32	46
84	205	229	218
85	402	426	415
86	123	136	147
87	37	26	13
88	297	310	321
89	1017	1006	994
90	648	659	635
91	210	221	198
92	746	735	723
93	236	225	212
94	170	194	184
95	555	568	579
96	127	117	104
97	272	296	286
98	1008	1019	996
99	1012	1001	989
100	616	628	638
101	96	121	111
102	474	487	499
103	844	820	833
104	952	963	940
105	962	986	975
106	684	673	660
107	722	746	735
108	283	296	307
109	323	309	334
110	738	759	749
111	974	986	962
112	213	201	189
113	805	816	792
114	908	897	884
115	72	96	85
116	363	350	375
117	514	524	534
118	348	360	336
119	665	640	654
120	690	666	679
121	44	19	33
122	246	269	259
123	614	603	591
124	307	320	331
125	78	89	65
126	551	538	563
127	439	428	416
128	785	796	773
129	396	383	407
130	228	204	218
131	505	494	481
132	439	463	452
133	568	593	582
134	840	853	864
135	743	767	756
136	752	776	766
137	894	907	918
138	987	1012	1001
139	884	859	873
140	1010	1034	1024
141	189	201	177
142	61	70	50
143	87	108	98
144	827	818	807
145	720	744	734
146	701	689	710
147	356	367	343
148	708	721	732
149	961	985	974
150	194	218	208
151	204	215	192
152	962	975	986
153	1013	989	1003
154	154	165	141
155	792	768	782
156	553	542	529
157	830	806	819
158	540	530	517
159	436	460	449
160	919	908	896
161	209	198	185
162	826	850	840
163	464	439	454
164	236	249	260
165	648	635	659
166	29	42	53
167	237	248	225
168	397	383	408
169	324	337	348
170	169	158	145
171	347	358	334
172	329	316	341
173	957	934	947
174	191	215	205
175	777	766	754
176	456	445	432
177	9	33	23
178	635	659	648
179	170	183	195
180	603	578	592
181	286	299	310
182	70	95	84
183	747	733	758
184	796	807	783
185	734	745	721
186	963	987	977
187	114	101	125
188	400	389	376
189	894	876	903
190	792	781	768
191	233	244	220
192	731	707	720
193	860	847	871
194	411	432	422
195	520	529	509
196	369	379	389
197	156	131	146
198	715	738	728
199	314	328	339
200	398	422	411
201	968	991	981
202	448	459	435
203	579	603	593
204	420	410	399
205	839	853	864
206	881	892	868
207	467	480	491
208	565	578	589
209	334	345	322
210	385	410	399
211	63	74	51
212	813	826	837
213	250	274	263
214	963	952	940
215	497	473	487
216	621	610	598
217	752	763	739
218	96	120	109
219	419	408	395
220	320	345	334
221	40	64	53
222	315	326	302
223	738	727	714
224	716	728	738
225	738	749	724
226	762	776	787
227	201	190	177
228	113	104	93
229	170	181	158
230	904	915	891
231	151	175	164
232	288	277	264
233	509	498	486
234	120	144	134
235	620	633	644
236	580	569	556
237	731	707	721
238	635	623	611
239	424	413	401
240	617	630	600
241	252	238	263
242	764	776	785
243	345	320	335
244	433	408	422
245	112	99	123
246	438	449	425
247	187	201	212
248	736	757	747
249	568	579	555
250	589	613	602
251	652	627	641
252	96	110	121
253	321	308	332
254	356	370	381
255	275	264	252
256	605	629	619
257	208	197	184
258	699	712	723
259	702	691	679
260	496	472	486
261	622	633	610
262	417	428	405
263	464	453	473
264	408	419	395
265	255	230	244
266	166	177	153
267	223	233	243
268	282	296	307
269	741	752	729
270	546	557	533
271	691	705	717
272	938	949	925
273	684	695	671
274	877	864	888
275	550	537	561
276	1018	1030	1006
277	777	765	753
278	718	693	707
279	1017	10	1030
280	255	266	242
281	948	959	936
282	46	59	71
283	9	22	1023
284	106	131	120
285	967	943	957
286	985	972	997
287	922	933	909
288	136	125	112
289	607	596	584
290	592	578	603
291	891	880	868
292	407	432	421
293	461	448	472
294	837	828	855
295	784	808	797
296	204	180	169
297	509	523	534
298	822	847	836
299	621	645	635
300	170	183	195
301	531	522	511
302	869	858	846
303	787	799	810
304	236	260	249
305	396	422	411
306	239	226	251
307	974	965	955
308	551	564	576
309	948	960	937
310	401	414	426
311	843	855	831
312	815	804	791
313	749	738	726
314	199	188	175
315	934	908	923
316	627	639	650
317	454	478	467
318	876	900	889
319	274	250	263
320	1029	22	10
321	101	90	77
322	631	642	619
323	245	269	258
324	845	835	825
325	746	737	725
326	334	321	346
327	577	589	564
328	850	839	827
329	833	809	823
330	36	12	26
331	136	123	147
332	392	416	406
333	650	663	674
334	663	651	675
335	20	31	8
336	37	49	25
337	137	161	151
338	695	707	683
339	950	937	961
340	215	202	226
341	733	720	744
342	659	683	673
343	689	664	678
344	368	355	380
345	192	178	204
346	413	389	402
347	6	1021	19
348	608	584	598
349	844	857	868
350	831	821	811
351	547	560	571
352	205	229	218
353	634	647	659
354	483	496	507
355	565	589	578
356	721	696	710
357	991	980	968
358	974	963	983
359	105	94	81
360	792	781	768
361	113	100	124
362	922	909	934
363	481	468	492
364	583	596	606
365	81	56	71
366	276	287	263
367	86	75	63
368	922	911	899
369	442	466	456
370	372	397	386
371	362	349	373
372	771	782	758
373	632	643	619
374	167	144	157
375	696	709	720
376	260	247	271
377	192	179	203
378	297	310	321
379	303	279	293
380	289	313	303
381	741	730	717
382	3130	3106	3120
383	788	774	799
384	605	629	619
385	986	997	974
386	714	701	725
387	332	319	343
388	534	545	521
389	577	590	601
390	799	788	776
391	599	588	575
392	454	431	444
393	82	105	95
394	743	754	763
395	236	260	250
396	793	806	818
397	153	164	140
398	1016	1027	1003
399	473	462	450
400	258	248	268
401	927	948	938
402	247	236	223
403	527	503	517
404	413	427	438
405	816	829	840
406	240	231	220
407	883	872	860
408	384	393	372
409	251	262	239
410	662	651	638
411	147	136	123
412	938	913	927
413	168	144	157
414	149	137	125
415	470	493	483
416	337	324	349
417	470	481	457
418	789	814	803
419	126	137	113
420	734	758	747
421	3001	2991	2978
422	686	697	673
423	867	892	881
424	123	136	147
425	942	966	955
426	238	214	227
427	462	473	449
428	65	78	89
429	153	177	167
430	867	880	891
431	656	643	667
432	375	388	400
433	939	963	952
434	822	797	811
435	724	711	736
436	595	616	607
437	7	31	20
438	887	898	874
439	616	605	592
440	3369	3359	3347
441	302	291	277
442	1032	25	13
443	435	448	460
444	268	257	244
445	799	823	812
446	162	138	152
447	193	218	207
448	631	610	621
449	300	314	325
450	594	583	570
451	663	639	652
452	100	111	87
453	401	425	414
454	276	300	289
455	920	907	931
456	281	267	292
457	253	277	267
458	414	390	403
459	569	556	581
460	483	470	494
461	8	22	33
462	756	744	731
463	915	904	891
464	352	341	329
465	147	160	172
466	551	538	562
467	831	855	844
468	807	794	818
469	1017	5	1030
470	1003	1026	1016
471	206	195	182
472	916	903	891
473	560	550	537
474	974	984	961
475	777	795	786
476	816	841	830
477	237	213	226
478	490	503	514
479	231	218	242
480	797	810	822
481	104	127	117
482	584	596	606
483	722	697	712
484	984	968	1000
485	352	328	341
486	524	537	549
487	727	716	704
488	452	441	429
489	874	863	851
490	901	925	915
491	684	671	695
492	471	482	458
493	94	107	118
494	629	616	640
495	810	834	823
496	813	838	827
497	829	818	805
498	941	954	965
499	458	482	471
500	785	796	772
501	562	585	575
502	708	719	694
503	154	165	141
504	419	313	408
505	621	645	635
506	653	664	641
507	59	83	73
508	492	504	480
509	817	842	831
510	487	475	498
511	454	478	467
512	1016	1005	992
513	822	846	836
514	171	182	159
515	265	240	254
516	923	892	912
517	464	440	453
518	882	871	858
519	108	132	122
520	505	496	484
521	678	704	693
522	930	953	943
523	649	634	660
524	721	710	696
525	330	354	343
526	731	755	745
527	364	376	352
528	112	125	137
529	1020	1011	1000
530	389	378	365
531	476	500	490
532	261	272	249
533	501	514	525
534	60	71	48
535	417	406	393
536	650	639	627
537	640	629	617
538	300	288	310
539	916	905	892
540	616	592	606
541	543	567	557
542	87	98	74
543	444	455	431
544	93	117	107
545	849	838	825
546	193	169	183
547	612	601	589
548	1016	1003	1027
549	670	694	684
550	912	925	936
551	930	954	944
552	620	634	645
553	110	123	134
554	696	709	721
555	118	104	91
556	261	248	273
557	1018	1030	10
558	6279	6291	6301
559	911	891	878
560	823	835	811
561	137	126	114
562	42	51	32
563	745	757	769
564	953	976	966
565	159	146	170
566	448	424	437
567	295	282	307
568	880	893	905
569	306	318	330
570	450	474	463
571	927	940	952
572	966	977	987
573	606	584	596
574	496	520	509
575	961	974	986
576	128	151	141
577	173	184	160
578	56	45	32
579	668	642	679
580	253	264	240
581	429	440	417
582	979	991	1002
583	777	788	764
584	727	703	717
585	216	227	203
586	289	265	278
587	838	849	825
588	44	55	32
589	750	737	761
590	1035	1024	1011
591	665	641	654
592	41	30	17
593	63	74	50
594	247	222	236
595	21	1023	8
596	24	38	49
597	462	453	442
598	910	921	897
599	930	919	906
600	542	531	518
601	318	343	332
602	278	291	302
603	213	188	202
604	323	312	299
605	78	102	92
606	196	172	185
607	722	736	747
608	852	863	839
609	1020	1006	1031
610	562	571	548
611	845	856	832
612	358	345	370
613	364	351	376
614	782	806	796
615	24	11	36
616	422	435	447
617	333	322	309
618	787	776	797
619	403	429	418
620	485	473	461
621	72	58	83
622	10	23	35
623	850	825	839
624	437	411	427
625	818	807	794
626	522	509	533
627	762	775	787
628	662	675	687
629	956	947	974
630	862	875	887
631	798	812	823
632	81	57	70
633	128	114	139
634	228	206	218
635	156	180	170
636	986	975	962
637	938	949	925
638	419	428	408
639	540	551	527
640	719	730	706
641	715	728	739
642	430	419	407
643	97	108	83
644	97	120	110
645	334	321	346
646	608	597	584
647	231	220	207
648	650	639	626
649	188	177	165
650	562	573	550
651	342	354	366
652	856	869	880
653	923	936	948
654	113	124	100
655	205	218	229
656	91	80	67
657	807	816	796
658	332	320	301
659	106	95	83
660	225	248	238
661	727	703	716
662	270	245	259
663	73	52	63
664	876	899	889
665	746	759	770
666	25	12	36
667	700	724	713
668	501	490	478
669	548	537	525
670	11	1019	1032
671	710	723	734
672	82	93	69
673	908	919	895
674	553	543	533
675	841	827	853
676	918	942	931
677	653	633	669
678	682	671	659
679	854	865	841
680	774	762	786
681	277	265	252
682	916	929	940
683	632	621	609
684	177	188	164
685	692	679	703
686	751	762	739
687	632	608	622
688	729	717	740
689	301	288	312
690	38	62	51
691	466	475	456
692	1005	1028	1018
693	169	193	182
694	654	664	641
695	112	121	101
696	937	951	962
697	810	835	824
698	1012	1023	999
699	110	97	121
700	1028	1015	10
701	375	361	386
702	795	808	819
703	103	114	91
704	654	679	668
705	763	787	776
706	468	493	482
707	150	139	126
708	940	952	928
709	419	430	406
710	781	805	794
711	181	157	170
712	421	445	435
713	206	195	182
714	391	378	402
715	351	327	341
716	4094	4082	4104
717	455	444	430
718	708	732	721
719	503	527	517
720	48	72	61
721	327	338	314
722	872	883	859
723	289	300	277
724	346	359	375
725	11	1033	1021
726	303	292	279
727	875	851	864
728	678	667	655
729	319	306	330
730	165	152	177
731	1013	1024	1000
732	570	559	547
733	971	984	995
734	1001	1014	1026
735	134	156	146
736	751	740	726
737	871	858	882
738	682	669	694
739	1016	1029	9
740	124	136	147
741	864	877	888
742	784	760	773
743	302	326	316
744	741	765	754
745	525	514	501
746	635	648	659
747	722	746	735
748	276	263	287
749	183	197	209
750	899	888	875
751	778	765	790
752	782	758	771
753	115	104	91
754	483	458	472
755	753	764	740
756	604	613	593
757	580	591	566
758	568	581	592
759	988	970	997
760	21	45	34
761	166	190	179
762	92	116	106
763	386	375	362
764	747	758	734
765	100	125	114
766	90	114	103
767	889	900	876
768	398	387	374
769	433	444	454
770	448	461	472
771	75	88	100
772	971	960	948
773	555	530	544
774	475	465	454
775	1003	1014	989
776	214	203	191
777	239	228	215
778	778	789	765
779	348	372	362
780	731	744	755
781	678	702	692
782	868	855	879
783	717	730	741
784	293	303	280
785	547	535	522
786	186	210	199
787	338	320	347
788	766	777	754
789	460	472	484
790	876	852	866
791	537	550	561
792	53	42	62
793	407	421	433
794	526	502	515
795	38	62	51
796	452	465	477
797	184	195	171
798	488	477	465
799	880	869	856
800	929	942	954
801	765	754	741
802	67	56	42
803	563	552	540
804	48	73	62
805	433	409	423
806	613	598	623
807	874	885	861
808	1035	10	1022
809	43	32	19
810	825	814	835
811	784	797	808
812	615	624	604
813	263	252	238
814	698	709	685
815	637	613	627
816	751	739	726
817	642	629	654
818	129	104	118
819	894	880	905
820	64	40	53
821	104	90	115
822	416	441	430
823	271	282	257
824	898	911	922
825	769	758	746
826	655	644	631
827	665	654	641
828	674	685	661
829	62	76	87
830	584	573	560
831	834	823	810
832	502	515	486
833	773	748	762
834	158	147	134
835	476	467	457
836	999	1010	1020
837	259	284	273
838	974	960	985
839	647	636	623
840	981	970	957
841	330	343	355
842	1017	1006	993
843	742	717	731
844	108	97	84
845	289	300	275
846	854	867	878
847	734	746	722
848	87	62	76
849	150	160	137
850	1210	1220	1199
851	233	221	209
852	791	800	781
853	189	164	178
854	231	217	243
855	857	833	847
856	580	566	591
857	516	541	530
858	810	824	835
859	675	688	699
860	221	245	235
861	582	593	570
862	773	786	798
863	597	586	574
864	73	62	50
865	16	39	29
866	354	381	370
867	432	445	457
868	244	257	268
869	254	243	231
870	1036	1025	1012
871	45	34	21
872	478	500	490
873	792	803	778
874	1006	982	996
875	491	478	502
876	979	1000	990
877	560	573	584
878	165	140	154
879	604	593	580
880	522	509	534
881	510	499	486
882	900	911	887
883	720	731	707
884	91	102	78
885	409	384	399
886	302	313	289
887	539	518	529
888	582	595	606
889	53	64	40
890	651	640	627
891	969	982	993
892	483	474	464
893	184	197	209
894	563	542	553
895	984	1008	997
896	219	233	244
897	91	102	78
898	993	969	983
899	36	47	23
900	1013	1038	1027
901	176	189	201
902	554	529	543
903	253	242	229
904	339	363	353
905	72	48	62
906	132	111	122
907	29	40	16
908	623	598	612
909	713	738	727
910	157	181	171
911	100	89	76
912	635	644	624
913	1026	8	1013
914	85	96	72
915	742	731	719
916	389	365	378
917	810	834	823
918	393	416	406
919	831	820	807
920	700	725	714
921	1010	992	1019
922	880	870	858
923	873	897	887
924	634	658	648
925	979	990	966
926	185	196	173
927	134	147	158
928	894	883	871
929	198	185	210
930	357	348	336
931	994	1018	1008
932	191	167	180
933	541	565	554
934	980	1004	994
935	126	137	113
936	136	147	123
937	809	833	822
938	65	89	79
939	286	310	300
940	948	937	925
941	977	989	965
942	575	564	552
943	819	806	831
944	311	322	298
945	987	974	998
946	1018	1007	994
947	82	95	107
948	126	113	138
949	599	612	624
950	335	346	321
951	11	35	25
952	537	561	551
953	438	452	463
954	957	968	944
955	631	644	656
956	61	50	37
957	546	557	534
958	220	196	210
959	16	29	40
960	669	692	682
961	1005	1017	1029
962	600	611	588
963	373	348	362
964	216	202	228
965	296	283	308
966	622	610	598
967	866	853	877
968	989	978	966
969	403	416	427
970	267	242	256
971	763	787	777
972	722	735	746
973	437	448	458
974	929	940	915
975	584	559	573
976	421	434	445
977	105	129	118
978	288	312	301
979	180	201	192
980	383	396	408
981	185	196	173
982	32	56	46
983	407	418	394
984	324	311	335
985	512	525	538
986	399	410	386
987	89	76	101
988	105	126	116
989	433	457	446
990	889	900	877
991	486	475	462
992	1291	1269	1281
993	613	602	589
994	1506	1519	1529
995	348	369	360
996	229	240	216
997	986	975	962
998	492	505	516
999	311	334	324
